<?xml version="1.0"?>
<opencv_storage>
<FrameNumber>12</FrameNumber>
<Frame00000TargetNumber>1</Frame00000TargetNumber>
<Frame00000Target00000>
  <Type>"警17-易滑"</Type>
  <Position>
    978 257 36 32</Position></Frame00000Target00000>
<Frame00001TargetNumber>1</Frame00001TargetNumber>
<Frame00001Target00000>
  <Type>"警17-易滑"</Type>
  <Position>
    992 250 32 33</Position></Frame00001Target00000>
<Frame00002TargetNumber>1</Frame00002TargetNumber>
<Frame00002Target00000>
  <Type>"警17-易滑"</Type>
  <Position>
    1002 247 39 34</Position></Frame00002Target00000>
<Frame00003TargetNumber>1</Frame00003TargetNumber>
<Frame00003Target00000>
  <Type>"警17-易滑"</Type>
  <Position>
    1016 245 40 35</Position></Frame00003Target00000>
<Frame00004TargetNumber>1</Frame00004TargetNumber>
<Frame00004Target00000>
  <Type>"警17-易滑"</Type>
  <Position>
    1034 239 41 37</Position></Frame00004Target00000>
<Frame00005TargetNumber>1</Frame00005TargetNumber>
<Frame00005Target00000>
  <Type>"警17-易滑"</Type>
  <Position>
    1051 235 42 38</Position></Frame00005Target00000>
<Frame00006TargetNumber>1</Frame00006TargetNumber>
<Frame00006Target00000>
  <Type>"警17-易滑"</Type>
  <Position>
    1069 227 46 40</Position></Frame00006Target00000>
<Frame00007TargetNumber>1</Frame00007TargetNumber>
<Frame00007Target00000>
  <Type>"警17-易滑"</Type>
  <Position>
    1092 217 48 45</Position></Frame00007Target00000>
<Frame00008TargetNumber>1</Frame00008TargetNumber>
<Frame00008Target00000>
  <Type>"警17-易滑"</Type>
  <Position>
    1113 212 52 47</Position></Frame00008Target00000>
<Frame00009TargetNumber>1</Frame00009TargetNumber>
<Frame00009Target00000>
  <Type>"警17-易滑"</Type>
  <Position>
    1137 206 58 51</Position></Frame00009Target00000>
<Frame00010TargetNumber>1</Frame00010TargetNumber>
<Frame00010Target00000>
  <Type>"警17-易滑"</Type>
  <Position>
    1169 196 60 49</Position></Frame00010Target00000>
<Frame00011TargetNumber>1</Frame00011TargetNumber>
<Frame00011Target00000>
  <Type>"警17-易滑"</Type>
  <Position>
    1200 179 66 58</Position></Frame00011Target00000>
</opencv_storage>
