<?xml version="1.0" encoding="UTF-8"?>
<opencv_storage>
<FrameNumber>13</FrameNumber>
<Frame00000TargetNumber>1</Frame00000TargetNumber>
<Frame00000Target00000>
  <Type>"警1-十字交叉"</Type>
  <Position>
    1099 289 39 35</Position></Frame00000Target00000>
<Frame00001TargetNumber>1</Frame00001TargetNumber>
<Frame00001Target00000>
  <Type>"警1-十字交叉"</Type>
  <Position>
    1109 287 35 33</Position></Frame00001Target00000>
<Frame00002TargetNumber>1</Frame00002TargetNumber>
<Frame00002Target00000>
  <Type>"警1-十字交叉"</Type>
  <Position>
    1115 288 40 34</Position></Frame00002Target00000>
<Frame00003TargetNumber>1</Frame00003TargetNumber>
<Frame00003Target00000>
  <Type>"警1-十字交叉"</Type>
  <Position>
    1122 283 44 36</Position></Frame00003Target00000>
<Frame00004TargetNumber>1</Frame00004TargetNumber>
<Frame00004Target00000>
  <Type>"警1-十字交叉"</Type>
  <Position>
    1134 286 41 35</Position></Frame00004Target00000>
<Frame00005TargetNumber>1</Frame00005TargetNumber>
<Frame00005Target00000>
  <Type>"警1-十字交叉"</Type>
  <Position>
    1142 286 46 38</Position></Frame00005Target00000>
<Frame00006TargetNumber>1</Frame00006TargetNumber>
<Frame00006Target00000>
  <Type>"警1-十字交叉"</Type>
  <Position>
    1151 286 44 37</Position></Frame00006Target00000>
<Frame00007TargetNumber>1</Frame00007TargetNumber>
<Frame00007Target00000>
  <Type>"警1-十字交叉"</Type>
  <Position>
    1161 288 45 39</Position></Frame00007Target00000>
<Frame00008TargetNumber>1</Frame00008TargetNumber>
<Frame00008Target00000>
  <Type>"警1-十字交叉"</Type>
  <Position>
    1173 286 46 41</Position></Frame00008Target00000>
<Frame00009TargetNumber>1</Frame00009TargetNumber>
<Frame00009Target00000>
  <Type>"警1-十字交叉"</Type>
  <Position>
    1184 283 49 43</Position></Frame00009Target00000>
<Frame00010TargetNumber>1</Frame00010TargetNumber>
<Frame00010Target00000>
  <Type>"警1-十字交叉"</Type>
  <Position>
    1193 282 54 44</Position></Frame00010Target00000>
<Frame00011TargetNumber>1</Frame00011TargetNumber>
<Frame00011Target00000>
  <Type>"警1-十字交叉"</Type>
  <Position>
    1211 279 53 47</Position></Frame00011Target00000>
<Frame00012TargetNumber>1</Frame00012TargetNumber>
<Frame00012Target00000>
  <Type>"警1-十字交叉"</Type>
  <Position>
    1224 285 53 47</Position></Frame00012Target00000>
</opencv_storage>
