<?xml version="1.0"?>
<opencv_storage>
<FrameNumber>15</FrameNumber>
<Frame00000TargetNumber>1</Frame00000TargetNumber>
<Frame00000Target00000>
  <Type>"禁35-限制高度"</Type>
  <Position>
    1064 208 29 31</Position></Frame00000Target00000>
<Frame00001TargetNumber>1</Frame00001TargetNumber>
<Frame00001Target00000>
  <Type>"禁35-限制高度"</Type>
  <Position>
    1071 199 30 31</Position></Frame00001Target00000>
<Frame00002TargetNumber>1</Frame00002TargetNumber>
<Frame00002Target00000>
  <Type>"禁35-限制高度"</Type>
  <Position>
    1079 195 32 33</Position></Frame00002Target00000>
<Frame00003TargetNumber>1</Frame00003TargetNumber>
<Frame00003Target00000>
  <Type>"禁35-限制高度"</Type>
  <Position>
    1092 196 28 32</Position></Frame00003Target00000>
<Frame00004TargetNumber>1</Frame00004TargetNumber>
<Frame00004Target00000>
  <Type>"禁35-限制高度"</Type>
  <Position>
    1099 198 31 33</Position></Frame00004Target00000>
<Frame00005TargetNumber>1</Frame00005TargetNumber>
<Frame00005Target00000>
  <Type>"禁35-限制高度"</Type>
  <Position>
    1108 195 34 36</Position></Frame00005Target00000>
<Frame00006TargetNumber>1</Frame00006TargetNumber>
<Frame00006Target00000>
  <Type>"禁35-限制高度"</Type>
  <Position>
    1118 190 34 37</Position></Frame00006Target00000>
<Frame00007TargetNumber>1</Frame00007TargetNumber>
<Frame00007Target00000>
  <Type>"禁35-限制高度"</Type>
  <Position>
    1132 180 31 39</Position></Frame00007Target00000>
<Frame00008TargetNumber>1</Frame00008TargetNumber>
<Frame00008Target00000>
  <Type>"禁35-限制高度"</Type>
  <Position>
    1143 172 36 40</Position></Frame00008Target00000>
<Frame00009TargetNumber>1</Frame00009TargetNumber>
<Frame00009Target00000>
  <Type>"禁35-限制高度"</Type>
  <Position>
    1153 163 41 37</Position></Frame00009Target00000>
<Frame00010TargetNumber>1</Frame00010TargetNumber>
<Frame00010Target00000>
  <Type>"禁35-限制高度"</Type>
  <Position>
    1170 152 37 40</Position></Frame00010Target00000>
<Frame00011TargetNumber>1</Frame00011TargetNumber>
<Frame00011Target00000>
  <Type>"禁35-限制高度"</Type>
  <Position>
    1186 142 37 43</Position></Frame00011Target00000>
<Frame00012TargetNumber>1</Frame00012TargetNumber>
<Frame00012Target00000>
  <Type>"禁35-限制高度"</Type>
  <Position>
    1199 141 41 44</Position></Frame00012Target00000>
<Frame00013TargetNumber>1</Frame00013TargetNumber>
<Frame00013Target00000>
  <Type>"禁35-限制高度"</Type>
  <Position>
    1219 137 41 47</Position></Frame00013Target00000>
<Frame00014TargetNumber>1</Frame00014TargetNumber>
<Frame00014Target00000>
  <Type>"禁35-限制高度"</Type>
  <Position>
    1232 133 44 48</Position></Frame00014Target00000>
</opencv_storage>
