<?xml version="1.0" encoding="UTF-8"?>
<opencv_storage>
<FrameNumber>16</FrameNumber>
<Frame00000TargetNumber>1</Frame00000TargetNumber>
<Frame00000Target00000>
  <Type>"警1-T型交叉右"</Type>
  <Position>
    999 293 37 33</Position></Frame00000Target00000>
<Frame00001TargetNumber>1</Frame00001TargetNumber>
<Frame00001Target00000>
  <Type>"警1-T型交叉右"</Type>
  <Position>
    1007 292 36 33</Position></Frame00001Target00000>
<Frame00002TargetNumber>1</Frame00002TargetNumber>
<Frame00002Target00000>
  <Type>"警1-T型交叉右"</Type>
  <Position>
    1011 292 44 35</Position></Frame00002Target00000>
<Frame00003TargetNumber>1</Frame00003TargetNumber>
<Frame00003Target00000>
  <Type>"警1-T型交叉右"</Type>
  <Position>
    1024 294 41 36</Position></Frame00003Target00000>
<Frame00004TargetNumber>1</Frame00004TargetNumber>
<Frame00004Target00000>
  <Type>"警1-T型交叉右"</Type>
  <Position>
    1030 292 43 38</Position></Frame00004Target00000>
<Frame00005TargetNumber>1</Frame00005TargetNumber>
<Frame00005Target00000>
  <Type>"警1-T型交叉右"</Type>
  <Position>
    1039 292 44 38</Position></Frame00005Target00000>
<Frame00006TargetNumber>1</Frame00006TargetNumber>
<Frame00006Target00000>
  <Type>"警1-T型交叉右"</Type>
  <Position>
    1053 283 44 41</Position></Frame00006Target00000>
<Frame00007TargetNumber>1</Frame00007TargetNumber>
<Frame00007Target00000>
  <Type>"警1-T型交叉右"</Type>
  <Position>
    1061 280 47 40</Position></Frame00007Target00000>
<Frame00008TargetNumber>1</Frame00008TargetNumber>
<Frame00008Target00000>
  <Type>"警1-T型交叉右"</Type>
  <Position>
    1074 274 50 44</Position></Frame00008Target00000>
<Frame00009TargetNumber>1</Frame00009TargetNumber>
<Frame00009Target00000>
  <Type>"警1-T型交叉右"</Type>
  <Position>
    1087 274 51 46</Position></Frame00009Target00000>
<Frame00010TargetNumber>1</Frame00010TargetNumber>
<Frame00010Target00000>
  <Type>"警1-T型交叉右"</Type>
  <Position>
    1115 271 53 49</Position></Frame00010Target00000>
<Frame00011TargetNumber>1</Frame00011TargetNumber>
<Frame00011Target00000>
  <Type>"警1-T型交叉右"</Type>
  <Position>
    1129 261 61 49</Position></Frame00011Target00000>
<Frame00012TargetNumber>1</Frame00012TargetNumber>
<Frame00012Target00000>
  <Type>"警1-T型交叉右"</Type>
  <Position>
    1145 255 63 52</Position></Frame00012Target00000>
<Frame00013TargetNumber>1</Frame00013TargetNumber>
<Frame00013Target00000>
  <Type>"警1-T型交叉右"</Type>
  <Position>
    1169 248 63 58</Position></Frame00013Target00000>
<Frame00014TargetNumber>1</Frame00014TargetNumber>
<Frame00014Target00000>
  <Type>"警1-T型交叉右"</Type>
  <Position>
    1185 247 69 57</Position></Frame00014Target00000>
<Frame00015TargetNumber>1</Frame00015TargetNumber>
<Frame00015Target00000>
  <Type>"警1-T型交叉右"</Type>
  <Position>
    1206 240 72 63</Position></Frame00015Target00000>
</opencv_storage>
