<?xml version="1.0"?>
<opencv_storage>
<FrameNumber>25</FrameNumber>
<Frame00000TargetNumber>1</Frame00000TargetNumber>
<Frame00000Target00000>
  <Type>"圆形绿灯"</Type>
  <Position>
    553 359 18 14</Position></Frame00000Target00000>
<Frame00001TargetNumber>1</Frame00001TargetNumber>
<Frame00001Target00000>
  <Type>"圆形绿灯"</Type>
  <Position>
    544 357 16 14</Position></Frame00001Target00000>
<Frame00002TargetNumber>1</Frame00002TargetNumber>
<Frame00002Target00000>
  <Type>"圆形绿灯"</Type>
  <Position>
    536 352 15 16</Position></Frame00002Target00000>
<Frame00003TargetNumber>1</Frame00003TargetNumber>
<Frame00003Target00000>
  <Type>"圆形绿灯"</Type>
  <Position>
    526 347 17 18</Position></Frame00003Target00000>
<Frame00004TargetNumber>1</Frame00004TargetNumber>
<Frame00004Target00000>
  <Type>"圆形绿灯"</Type>
  <Position>
    517 345 19 16</Position></Frame00004Target00000>
<Frame00005TargetNumber>1</Frame00005TargetNumber>
<Frame00005Target00000>
  <Type>"圆形绿灯"</Type>
  <Position>
    510 345 13 17</Position></Frame00005Target00000>
<Frame00006TargetNumber>1</Frame00006TargetNumber>
<Frame00006Target00000>
  <Type>"圆形绿灯"</Type>
  <Position>
    501 345 19 14</Position></Frame00006Target00000>
<Frame00007TargetNumber>1</Frame00007TargetNumber>
<Frame00007Target00000>
  <Type>"圆形绿灯"</Type>
  <Position>
    494 342 16 16</Position></Frame00007Target00000>
<Frame00008TargetNumber>1</Frame00008TargetNumber>
<Frame00008Target00000>
  <Type>"圆形绿灯"</Type>
  <Position>
    488 337 17 18</Position></Frame00008Target00000>
<Frame00009TargetNumber>1</Frame00009TargetNumber>
<Frame00009Target00000>
  <Type>"圆形绿灯"</Type>
  <Position>
    478 331 18 20</Position></Frame00009Target00000>
<Frame00010TargetNumber>1</Frame00010TargetNumber>
<Frame00010Target00000>
  <Type>"圆形绿灯"</Type>
  <Position>
    476 334 15 16</Position></Frame00010Target00000>
<Frame00011TargetNumber>1</Frame00011TargetNumber>
<Frame00011Target00000>
  <Type>"圆形绿灯"</Type>
  <Position>
    473 335 16 16</Position></Frame00011Target00000>
<Frame00012TargetNumber>1</Frame00012TargetNumber>
<Frame00012Target00000>
  <Type>"圆形绿灯"</Type>
  <Position>
    479 338 16 19</Position></Frame00012Target00000>
<Frame00013TargetNumber>1</Frame00013TargetNumber>
<Frame00013Target00000>
  <Type>"圆形绿灯"</Type>
  <Position>
    486 333 21 17</Position></Frame00013Target00000>
<Frame00014TargetNumber>1</Frame00014TargetNumber>
<Frame00014Target00000>
  <Type>"圆形绿灯"</Type>
  <Position>
    501 328 19 15</Position></Frame00014Target00000>
<Frame00015TargetNumber>1</Frame00015TargetNumber>
<Frame00015Target00000>
  <Type>"圆形绿灯"</Type>
  <Position>
    509 320 20 22</Position></Frame00015Target00000>
<Frame00016TargetNumber>1</Frame00016TargetNumber>
<Frame00016Target00000>
  <Type>"圆形绿灯"</Type>
  <Position>
    525 320 19 21</Position></Frame00016Target00000>
<Frame00017TargetNumber>1</Frame00017TargetNumber>
<Frame00017Target00000>
  <Type>"圆形绿灯"</Type>
  <Position>
    538 315 21 18</Position></Frame00017Target00000>
<Frame00018TargetNumber>1</Frame00018TargetNumber>
<Frame00018Target00000>
  <Type>"圆形绿灯"</Type>
  <Position>
    545 315 19 17</Position></Frame00018Target00000>
<Frame00019TargetNumber>1</Frame00019TargetNumber>
<Frame00019Target00000>
  <Type>"圆形绿灯"</Type>
  <Position>
    546 310 21 22</Position></Frame00019Target00000>
<Frame00020TargetNumber>1</Frame00020TargetNumber>
<Frame00020Target00000>
  <Type>"圆形绿灯"</Type>
  <Position>
    538 308 22 20</Position></Frame00020Target00000>
<Frame00021TargetNumber>1</Frame00021TargetNumber>
<Frame00021Target00000>
  <Type>"圆形绿灯"</Type>
  <Position>
    529 303 22 19</Position></Frame00021Target00000>
<Frame00022TargetNumber>1</Frame00022TargetNumber>
<Frame00022Target00000>
  <Type>"圆形绿灯"</Type>
  <Position>
    513 291 24 25</Position></Frame00022Target00000>
<Frame00023TargetNumber>1</Frame00023TargetNumber>
<Frame00023Target00000>
  <Type>"圆形绿灯"</Type>
  <Position>
    499 285 27 23</Position></Frame00023Target00000>
<Frame00024TargetNumber>1</Frame00024TargetNumber>
<Frame00024Target00000>
  <Type>"圆形绿灯"</Type>
  <Position>
    490 279 21 22</Position></Frame00024Target00000>
</opencv_storage>
