<?xml version="1.0"?>
<opencv_storage>
<FrameNumber>15</FrameNumber>
<Frame00000TargetNumber>3</Frame00000TargetNumber>
<Frame00000Target00000>
  <Type>"路4-十字交叉路口"</Type>
  <Position>
    866 263 51 27</Position></Frame00000Target00000>
<Frame00000Target00001>
  <Type>"警20-村庄"</Type>
  <Position>
    1100 235 52 46</Position></Frame00000Target00001>
<Frame00000Target00002>
  <Type>"禁38-限制速度"</Type>
  <Position>
    1099 281 50 50</Position></Frame00000Target00002>
<Frame00001TargetNumber>3</Frame00001TargetNumber>
<Frame00001Target00000>
  <Type>"禁38-限制速度"</Type>
  <Position>
    1103 279 53 50</Position></Frame00001Target00000>
<Frame00001Target00001>
  <Type>"警20-村庄"</Type>
  <Position>
    1103 233 54 47</Position></Frame00001Target00001>
<Frame00001Target00002>
  <Type>"路4-十字交叉路口"</Type>
  <Position>
    865 263 53 26</Position></Frame00001Target00002>
<Frame00002TargetNumber>3</Frame00002TargetNumber>
<Frame00002Target00000>
  <Type>"路4-十字交叉路口"</Type>
  <Position>
    865 260 52 27</Position></Frame00002Target00000>
<Frame00002Target00001>
  <Type>"警20-村庄"</Type>
  <Position>
    1109 231 52 47</Position></Frame00002Target00001>
<Frame00002Target00002>
  <Type>"禁38-限制速度"</Type>
  <Position>
    1107 277 54 52</Position></Frame00002Target00002>
<Frame00003TargetNumber>3</Frame00003TargetNumber>
<Frame00003Target00000>
  <Type>"禁38-限制速度"</Type>
  <Position>
    1113 279 55 49</Position></Frame00003Target00000>
<Frame00003Target00001>
  <Type>"警20-村庄"</Type>
  <Position>
    1114 228 58 48</Position></Frame00003Target00001>
<Frame00003Target00002>
  <Type>"路4-十字交叉路口"</Type>
  <Position>
    864 262 53 26</Position></Frame00003Target00002>
<Frame00004TargetNumber>3</Frame00004TargetNumber>
<Frame00004Target00000>
  <Type>"路4-十字交叉路口"</Type>
  <Position>
    865 262 52 25</Position></Frame00004Target00000>
<Frame00004Target00001>
  <Type>"禁38-限制速度"</Type>
  <Position>
    1120 275 53 54</Position></Frame00004Target00001>
<Frame00004Target00002>
  <Type>"警20-村庄"</Type>
  <Position>
    1119 227 57 48</Position></Frame00004Target00002>
<Frame00005TargetNumber>3</Frame00005TargetNumber>
<Frame00005Target00000>
  <Type>"警20-村庄"</Type>
  <Position>
    1126 223 60 52</Position></Frame00005Target00000>
<Frame00005Target00001>
  <Type>"禁38-限制速度"</Type>
  <Position>
    1126 277 55 50</Position></Frame00005Target00001>
<Frame00005Target00002>
  <Type>"路4-十字交叉路口"</Type>
  <Position>
    864 262 51 25</Position></Frame00005Target00002>
<Frame00006TargetNumber>3</Frame00006TargetNumber>
<Frame00006Target00000>
  <Type>"路4-十字交叉路口"</Type>
  <Position>
    865 260 53 29</Position></Frame00006Target00000>
<Frame00006Target00001>
  <Type>"禁38-限制速度"</Type>
  <Position>
    1133 274 57 55</Position></Frame00006Target00001>
<Frame00006Target00002>
  <Type>"警20-村庄"</Type>
  <Position>
    1134 223 60 50</Position></Frame00006Target00002>
<Frame00007TargetNumber>3</Frame00007TargetNumber>
<Frame00007Target00000>
  <Type>"警20-村庄"</Type>
  <Position>
    1139 221 63 49</Position></Frame00007Target00000>
<Frame00007Target00001>
  <Type>"禁38-限制速度"</Type>
  <Position>
    1139 272 58 57</Position></Frame00007Target00001>
<Frame00007Target00002>
  <Type>"路4-十字交叉路口"</Type>
  <Position>
    865 259 53 29</Position></Frame00007Target00002>
<Frame00008TargetNumber>3</Frame00008TargetNumber>
<Frame00008Target00000>
  <Type>"路4-十字交叉路口"</Type>
  <Position>
    866 260 55 29</Position></Frame00008Target00000>
<Frame00008Target00001>
  <Type>"禁38-限制速度"</Type>
  <Position>
    1149 273 58 58</Position></Frame00008Target00001>
<Frame00008Target00002>
  <Type>"警20-村庄"</Type>
  <Position>
    1150 220 60 51</Position></Frame00008Target00002>
<Frame00009TargetNumber>3</Frame00009TargetNumber>
<Frame00009Target00000>
  <Type>"警20-村庄"</Type>
  <Position>
    1159 214 60 56</Position></Frame00009Target00000>
<Frame00009Target00001>
  <Type>"禁38-限制速度"</Type>
  <Position>
    1158 270 58 58</Position></Frame00009Target00001>
<Frame00009Target00002>
  <Type>"路4-十字交叉路口"</Type>
  <Position>
    867 261 54 26</Position></Frame00009Target00002>
<Frame00010TargetNumber>3</Frame00010TargetNumber>
<Frame00010Target00000>
  <Type>"路4-十字交叉路口"</Type>
  <Position>
    867 261 53 27</Position></Frame00010Target00000>
<Frame00010Target00001>
  <Type>"禁38-限制速度"</Type>
  <Position>
    1165 269 62 60</Position></Frame00010Target00001>
<Frame00010Target00002>
  <Type>"警20-村庄"</Type>
  <Position>
    1167 212 65 56</Position></Frame00010Target00002>
<Frame00011TargetNumber>3</Frame00011TargetNumber>
<Frame00011Target00000>
  <Type>"警20-村庄"</Type>
  <Position>
    1176 212 67 56</Position></Frame00011Target00000>
<Frame00011Target00001>
  <Type>"禁38-限制速度"</Type>
  <Position>
    1173 268 67 62</Position></Frame00011Target00001>
<Frame00011Target00002>
  <Type>"路4-十字交叉路口"</Type>
  <Position>
    867 260 56 31</Position></Frame00011Target00002>
<Frame00012TargetNumber>3</Frame00012TargetNumber>
<Frame00012Target00000>
  <Type>"路4-十字交叉路口"</Type>
  <Position>
    869 258 53 29</Position></Frame00012Target00000>
<Frame00012Target00001>
  <Type>"禁38-限制速度"</Type>
  <Position>
    1183 264 67 65</Position></Frame00012Target00001>
<Frame00012Target00002>
  <Type>"警20-村庄"</Type>
  <Position>
    1183 208 68 57</Position></Frame00012Target00002>
<Frame00013TargetNumber>3</Frame00013TargetNumber>
<Frame00013Target00000>
  <Type>"警20-村庄"</Type>
  <Position>
    1195 200 68 63</Position></Frame00013Target00000>
<Frame00013Target00001>
  <Type>"禁38-限制速度"</Type>
  <Position>
    1195 263 64 65</Position></Frame00013Target00001>
<Frame00013Target00002>
  <Type>"路4-十字交叉路口"</Type>
  <Position>
    870 256 54 29</Position></Frame00013Target00002>
<Frame00014TargetNumber>3</Frame00014TargetNumber>
<Frame00014Target00000>
  <Type>"路4-十字交叉路口"</Type>
  <Position>
    871 256 56 30</Position></Frame00014Target00000>
<Frame00014Target00001>
  <Type>"禁38-限制速度"</Type>
  <Position>
    1202 260 72 67</Position></Frame00014Target00001>
<Frame00014Target00002>
  <Type>"警20-村庄"</Type>
  <Position>
    1205 199 72 60</Position></Frame00014Target00002>
</opencv_storage>
