<?xml version="1.0"?>
<opencv_storage>
<FrameNumber>12</FrameNumber>
<Frame00000TargetNumber>1</Frame00000TargetNumber>
<Frame00000Target00000>
  <Type>"路72-服务区预告"</Type>
  <Position>
    1075 241 68 111</Position></Frame00000Target00000>
<Frame00001TargetNumber>1</Frame00001TargetNumber>
<Frame00001Target00000>
  <Type>"路72-服务区预告"</Type>
  <Position>
    1077 239 73 107</Position></Frame00001Target00000>
<Frame00002TargetNumber>1</Frame00002TargetNumber>
<Frame00002Target00000>
  <Type>"路72-服务区预告"</Type>
  <Position>
    1081 233 79 115</Position></Frame00002Target00000>
<Frame00003TargetNumber>1</Frame00003TargetNumber>
<Frame00003Target00000>
  <Type>"路72-服务区预告"</Type>
  <Position>
    1086 230 79 114</Position></Frame00003Target00000>
<Frame00004TargetNumber>1</Frame00004TargetNumber>
<Frame00004Target00000>
  <Type>"路72-服务区预告"</Type>
  <Position>
    1089 229 79 112</Position></Frame00004Target00000>
<Frame00005TargetNumber>1</Frame00005TargetNumber>
<Frame00005Target00000>
  <Type>"路72-服务区预告"</Type>
  <Position>
    1098 225 78 122</Position></Frame00005Target00000>
<Frame00006TargetNumber>1</Frame00006TargetNumber>
<Frame00006Target00000>
  <Type>"路72-服务区预告"</Type>
  <Position>
    1102 224 83 124</Position></Frame00006Target00000>
<Frame00007TargetNumber>1</Frame00007TargetNumber>
<Frame00007Target00000>
  <Type>"路72-服务区预告"</Type>
  <Position>
    1109 218 83 135</Position></Frame00007Target00000>
<Frame00008TargetNumber>1</Frame00008TargetNumber>
<Frame00008Target00000>
  <Type>"路72-服务区预告"</Type>
  <Position>
    1117 220 87 129</Position></Frame00008Target00000>
<Frame00009TargetNumber>1</Frame00009TargetNumber>
<Frame00009Target00000>
  <Type>"路72-服务区预告"</Type>
  <Position>
    1123 211 89 139</Position></Frame00009Target00000>
<Frame00010TargetNumber>1</Frame00010TargetNumber>
<Frame00010Target00000>
  <Type>"路72-服务区预告"</Type>
  <Position>
    1130 211 96 140</Position></Frame00010Target00000>
<Frame00011TargetNumber>1</Frame00011TargetNumber>
<Frame00011Target00000>
  <Type>"路72-服务区预告"</Type>
  <Position>
    1132 208 107 145</Position></Frame00011Target00000>
</opencv_storage>
