<?xml version="1.0"?>
<opencv_storage>
<FrameNumber>15</FrameNumber>
<Frame00000TargetNumber>2</Frame00000TargetNumber>
<Frame00000Target00000>
  <Type>"禁14-禁止摩托车驶入"</Type>
  <Position>
    869 262 28 35</Position></Frame00000Target00000>
<Frame00000Target00001>
  <Type>"圆形绿灯"</Type>
  <Position>
    603 201 13 14</Position></Frame00000Target00001>
<Frame00001TargetNumber>2</Frame00001TargetNumber>
<Frame00001Target00000>
  <Type>"圆形绿灯"</Type>
  <Position>
    602 197 13 14</Position></Frame00001Target00000>
<Frame00001Target00001>
  <Type>"禁14-禁止摩托车驶入"</Type>
  <Position>
    878 258 29 39</Position></Frame00001Target00001>
<Frame00002TargetNumber>2</Frame00002TargetNumber>
<Frame00002Target00000>
  <Type>"禁14-禁止摩托车驶入"</Type>
  <Position>
    885 245 32 39</Position></Frame00002Target00000>
<Frame00002Target00001>
  <Type>"圆形绿灯"</Type>
  <Position>
    597 182 14 14</Position></Frame00002Target00001>
<Frame00003TargetNumber>2</Frame00003TargetNumber>
<Frame00003Target00000>
  <Type>"圆形绿灯"</Type>
  <Position>
    590 178 13 16</Position></Frame00003Target00000>
<Frame00003Target00001>
  <Type>"禁14-禁止摩托车驶入"</Type>
  <Position>
    893 244 31 39</Position></Frame00003Target00001>
<Frame00004TargetNumber>2</Frame00004TargetNumber>
<Frame00004Target00000>
  <Type>"禁14-禁止摩托车驶入"</Type>
  <Position>
    903 237 30 43</Position></Frame00004Target00000>
<Frame00004Target00001>
  <Type>"圆形绿灯"</Type>
  <Position>
    584 171 13 15</Position></Frame00004Target00001>
<Frame00005TargetNumber>2</Frame00005TargetNumber>
<Frame00005Target00000>
  <Type>"圆形绿灯"</Type>
  <Position>
    576 164 15 17</Position></Frame00005Target00000>
<Frame00005Target00001>
  <Type>"禁14-禁止摩托车驶入"</Type>
  <Position>
    910 235 37 43</Position></Frame00005Target00001>
<Frame00006TargetNumber>2</Frame00006TargetNumber>
<Frame00006Target00000>
  <Type>"禁14-禁止摩托车驶入"</Type>
  <Position>
    921 228 39 46</Position></Frame00006Target00000>
<Frame00006Target00001>
  <Type>"圆形绿灯"</Type>
  <Position>
    570 153 11 16</Position></Frame00006Target00001>
<Frame00007TargetNumber>2</Frame00007TargetNumber>
<Frame00007Target00000>
  <Type>"圆形绿灯"</Type>
  <Position>
    566 149 14 16</Position></Frame00007Target00000>
<Frame00007Target00001>
  <Type>"禁14-禁止摩托车驶入"</Type>
  <Position>
    937 224 43 50</Position></Frame00007Target00001>
<Frame00008TargetNumber>2</Frame00008TargetNumber>
<Frame00008Target00000>
  <Type>"禁14-禁止摩托车驶入"</Type>
  <Position>
    959 216 46 53</Position></Frame00008Target00000>
<Frame00008Target00001>
  <Type>"圆形绿灯"</Type>
  <Position>
    561 135 18 17</Position></Frame00008Target00001>
<Frame00009TargetNumber>2</Frame00009TargetNumber>
<Frame00009Target00000>
  <Type>"圆形绿灯"</Type>
  <Position>
    560 116 18 19</Position></Frame00009Target00000>
<Frame00009Target00001>
  <Type>"禁14-禁止摩托车驶入"</Type>
  <Position>
    984 206 48 52</Position></Frame00009Target00001>
<Frame00010TargetNumber>2</Frame00010TargetNumber>
<Frame00010Target00000>
  <Type>"禁14-禁止摩托车驶入"</Type>
  <Position>
    1013 220 52 60</Position></Frame00010Target00000>
<Frame00010Target00001>
  <Type>"圆形绿灯"</Type>
  <Position>
    559 127 15 18</Position></Frame00010Target00001>
<Frame00011TargetNumber>2</Frame00011TargetNumber>
<Frame00011Target00000>
  <Type>"圆形绿灯"</Type>
  <Position>
    554 84 20 20</Position></Frame00011Target00000>
<Frame00011Target00001>
  <Type>"禁14-禁止摩托车驶入"</Type>
  <Position>
    1050 182 57 66</Position></Frame00011Target00001>
<Frame00012TargetNumber>2</Frame00012TargetNumber>
<Frame00012Target00000>
  <Type>"禁14-禁止摩托车驶入"</Type>
  <Position>
    1092 179 65 74</Position></Frame00012Target00000>
<Frame00012Target00001>
  <Type>"圆形绿灯"</Type>
  <Position>
    555 78 17 22</Position></Frame00012Target00001>
<Frame00013TargetNumber>2</Frame00013TargetNumber>
<Frame00013Target00000>
  <Type>"圆形绿灯"</Type>
  <Position>
    554 49 17 21</Position></Frame00013Target00000>
<Frame00013Target00001>
  <Type>"禁14-禁止摩托车驶入"</Type>
  <Position>
    1146 156 74 81</Position></Frame00013Target00001>
<Frame00014TargetNumber>2</Frame00014TargetNumber>
<Frame00014Target00000>
  <Type>"禁14-禁止摩托车驶入"</Type>
  <Position>
    1188 142 84 91</Position></Frame00014Target00000>
<Frame00014Target00001>
  <Type>"圆形绿灯"</Type>
  <Position>
    550 37 22 22</Position></Frame00014Target00001>
</opencv_storage>
