<?xml version="1.0"?>
<opencv_storage>
<FrameNumber>31</FrameNumber>
<Frame00000TargetNumber>1</Frame00000TargetNumber>
<Frame00000Target00000>
  <Type>"圆形红灯"</Type>
  <Position>
    614 269 9 9</Position></Frame00000Target00000>
<Frame00001TargetNumber>1</Frame00001TargetNumber>
<Frame00001Target00000>
<Type>"圆形红灯"</Type>
  <Position>
    624 269 9 9</Position></Frame00001Target00000>
<Frame00002TargetNumber>1</Frame00002TargetNumber>
<Frame00002Target00000>
  <Type>"圆形红灯"</Type>
  <Position>
    635 266 8 9</Position></Frame00002Target00000>
<Frame00003TargetNumber>1</Frame00003TargetNumber>
<Frame00003Target00000>
  <Type>"圆形红灯"</Type>
  <Position>
    644 267 9 9</Position></Frame00003Target00000>
<Frame00004TargetNumber>1</Frame00004TargetNumber>
<Frame00004Target00000>
  <Type>"圆形红灯"</Type>
  <Position>
    653 267 9 8</Position></Frame00004Target00000>
<Frame00005TargetNumber>1</Frame00005TargetNumber>
<Frame00005Target00000>
  <Type>"圆形红灯"</Type>
  <Position>
    661 263 8 9</Position></Frame00005Target00000>
<Frame00006TargetNumber>1</Frame00006TargetNumber>
<Frame00006Target00000>
  <Type>"圆形红灯"</Type>
  <Position>
    670 265 9 11</Position></Frame00006Target00000>
<Frame00007TargetNumber>1</Frame00007TargetNumber>
<Frame00007Target00000>
  <Type>"圆形红灯"</Type>
  <Position>
    680 274 11 9</Position></Frame00007Target00000>
<Frame00008TargetNumber>1</Frame00008TargetNumber>
<Frame00008Target00000>
  <Type>"圆形红灯"</Type>
  <Position>
    685 261 9 9</Position></Frame00008Target00000>
<Frame00009TargetNumber>1</Frame00009TargetNumber>
<Frame00009Target00000>
  <Type>"圆形红灯"</Type>
  <Position>
    690 258 10 10</Position></Frame00009Target00000>
<Frame00010TargetNumber>1</Frame00010TargetNumber>
<Frame00010Target00000>
  <Type>"圆形红灯"</Type>
  <Position>
    688 253 13 11</Position></Frame00010Target00000>
<Frame00011TargetNumber>1</Frame00011TargetNumber>
<Frame00011Target00000>
  <Type>"圆形红灯"</Type>
  <Position>
    691 249 11 9</Position></Frame00011Target00000>
<Frame00012TargetNumber>1</Frame00012TargetNumber>
<Frame00012Target00000>
  <Type>"圆形红灯"</Type>
  <Position>
    692 248 9 10</Position></Frame00012Target00000>
<Frame00013TargetNumber>1</Frame00013TargetNumber>
<Frame00013Target00000>
  <Type>"圆形红灯"</Type>
  <Position>
    692 246 10 11</Position></Frame00013Target00000>
<Frame00014TargetNumber>1</Frame00014TargetNumber>
<Frame00014Target00000>
  <Type>"圆形红灯"</Type>
  <Position>
    693 248 9 7</Position></Frame00014Target00000>
<Frame00015TargetNumber>1</Frame00015TargetNumber>
<Frame00015Target00000>
  <Type>"圆形红灯"</Type>
  <Position>
    694 241 8 9</Position></Frame00015Target00000>
<Frame00016TargetNumber>1</Frame00016TargetNumber>
<Frame00016Target00000>
  <Type>"圆形红灯"</Type>
  <Position>
    692 241 11 9</Position></Frame00016Target00000>
<Frame00017TargetNumber>1</Frame00017TargetNumber>
<Frame00017Target00000>
  <Type>"圆形红灯"</Type>
  <Position>
    693 233 10 10</Position></Frame00017Target00000>
<Frame00018TargetNumber>1</Frame00018TargetNumber>
<Frame00018Target00000>
  <Type>"圆形红灯"</Type>
  <Position>
    691 235 11 11</Position></Frame00018Target00000>
<Frame00019TargetNumber>1</Frame00019TargetNumber>
<Frame00019Target00000>
  <Type>"圆形红灯"</Type>
  <Position>
    689 225 14 12</Position></Frame00019Target00000>
<Frame00020TargetNumber>1</Frame00020TargetNumber>
<Frame00020Target00000>
  <Type>"圆形红灯"</Type>
  <Position>
    689 226 12 11</Position></Frame00020Target00000>
<Frame00021TargetNumber>1</Frame00021TargetNumber>
<Frame00021Target00000>
  <Type>"圆形红灯"</Type>
  <Position>
    682 223 12 12</Position></Frame00021Target00000>
<Frame00022TargetNumber>1</Frame00022TargetNumber>
<Frame00022Target00000>
  <Type>"圆形红灯"</Type>
  <Position>
    669 221 13 11</Position></Frame00022Target00000>
<Frame00023TargetNumber>1</Frame00023TargetNumber>
<Frame00023Target00000>
  <Type>"圆形红灯"</Type>
  <Position>
    646 214 11 13</Position></Frame00023Target00000>
<Frame00024TargetNumber>1</Frame00024TargetNumber>
<Frame00024Target00000>
  <Type>"圆形红灯"</Type>
  <Position>
    604 206 13 14</Position></Frame00024Target00000>
<Frame00025TargetNumber>1</Frame00025TargetNumber>
<Frame00025Target00000>
  <Type>"圆形红灯"</Type>
  <Position>
    544 199 12 12</Position></Frame00025Target00000>
<Frame00026TargetNumber>1</Frame00026TargetNumber>
<Frame00026Target00000>
  <Type>"圆形红灯"</Type>
  <Position>
    482 213 13 11</Position></Frame00026Target00000>
<Frame00027TargetNumber>1</Frame00027TargetNumber>
<Frame00027Target00000>
  <Type>"圆形红灯"</Type>
  <Position>
    409 206 12 11</Position></Frame00027Target00000>
<Frame00028TargetNumber>1</Frame00028TargetNumber>
<Frame00028Target00000>
  <Type>"圆形红灯"</Type>
  <Position>
    320 201 17 14</Position></Frame00028Target00000>
<Frame00029TargetNumber>1</Frame00029TargetNumber>
<Frame00029Target00000>
  <Type>"圆形红灯"</Type>
  <Position>
    220 202 17 13</Position></Frame00029Target00000>
<Frame00030TargetNumber>1</Frame00030TargetNumber>
<Frame00030Target00000>
  <Type>"圆形红灯"</Type>
  <Position>
    87 220 16 15</Position></Frame00030Target00000>
</opencv_storage>
