<?xml version="1.0"?>
<opencv_storage>
<FrameNumber>13</FrameNumber>
<Frame00000TargetNumber>1</Frame00000TargetNumber>
<Frame00000Target00000>
  <Type>"警2(b)-向右急弯路"</Type>
  <Position>
    920 283 48 41</Position></Frame00000Target00000>
<Frame00001TargetNumber>1</Frame00001TargetNumber>
<Frame00001Target00000>
  <Type>"警2(b)-向右急弯路"</Type>
  <Position>
    923 274 53 45</Position></Frame00001Target00000>
<Frame00002TargetNumber>1</Frame00002TargetNumber>
<Frame00002Target00000>
  <Type>"警2(b)-向右急弯路"</Type>
  <Position>
    926 268 58 53</Position></Frame00002Target00000>
<Frame00003TargetNumber>1</Frame00003TargetNumber>
<Frame00003Target00000>
  <Type>"警2(b)-向右急弯路"</Type>
  <Position>
    933 261 63 58</Position></Frame00003Target00000>
<Frame00004TargetNumber>1</Frame00004TargetNumber>
<Frame00004Target00000>
  <Type>"警2(b)-向右急弯路"</Type>
  <Position>
    942 257 70 57</Position></Frame00004Target00000>
<Frame00005TargetNumber>1</Frame00005TargetNumber>
<Frame00005Target00000>
  <Type>"警2(b)-向右急弯路"</Type>
  <Position>
    951 243 69 62</Position></Frame00005Target00000>
<Frame00006TargetNumber>1</Frame00006TargetNumber>
<Frame00006Target00000>
  <Type>"警2(b)-向右急弯路"</Type>
  <Position>
    961 233 77 67</Position></Frame00006Target00000>
<Frame00007TargetNumber>1</Frame00007TargetNumber>
<Frame00007Target00000>
  <Type>"警2(b)-向右急弯路"</Type>
  <Position>
    974 222 84 67</Position></Frame00007Target00000>
<Frame00008TargetNumber>1</Frame00008TargetNumber>
<Frame00008Target00000>
  <Type>"警2(b)-向右急弯路"</Type>
  <Position>
    989 197 98 80</Position></Frame00008Target00000>
<Frame00009TargetNumber>1</Frame00009TargetNumber>
<Frame00009Target00000>
  <Type>"警2(b)-向右急弯路"</Type>
  <Position>
    1017 179 99 86</Position></Frame00009Target00000>
<Frame00010TargetNumber>1</Frame00010TargetNumber>
<Frame00010Target00000>
  <Type>"警2(b)-向右急弯路"</Type>
  <Position>
    1043 160 110 94</Position></Frame00010Target00000>
<Frame00011TargetNumber>1</Frame00011TargetNumber>
<Frame00011Target00000>
  <Type>"警2(b)-向右急弯路"</Type>
  <Position>
    1075 133 131 110</Position></Frame00011Target00000>
<Frame00012TargetNumber>1</Frame00012TargetNumber>
<Frame00012Target00000>
  <Type>"警2(b)-向右急弯路"</Type>
  <Position>
    1122 104 142 118</Position></Frame00012Target00000>
</opencv_storage>
