<?xml version="1.0"?>
<opencv_storage>
<FrameNumber>14</FrameNumber>
<Frame00000TargetNumber>1</Frame00000TargetNumber>
<Frame00000Target00000>
  <Type>"禁2-减速让行"</Type>
  <Position>
    991 188 43 39</Position></Frame00000Target00000>
<Frame00001TargetNumber>1</Frame00001TargetNumber>
<Frame00001Target00000>
  <Type>"禁2-减速让行"</Type>
  <Position>
    996 187 44 38</Position></Frame00001Target00000>
<Frame00002TargetNumber>1</Frame00002TargetNumber>
<Frame00002Target00000>
  <Type>"禁2-减速让行"</Type>
  <Position>
    1004 179 44 41</Position></Frame00002Target00000>
<Frame00003TargetNumber>1</Frame00003TargetNumber>
<Frame00003Target00000>
  <Type>"禁2-减速让行"</Type>
  <Position>
    1016 169 46 44</Position></Frame00003Target00000>
<Frame00004TargetNumber>1</Frame00004TargetNumber>
<Frame00004Target00000>
  <Type>"禁2-减速让行"</Type>
  <Position>
    1018 166 49 46</Position></Frame00004Target00000>
<Frame00005TargetNumber>1</Frame00005TargetNumber>
<Frame00005Target00000>
  <Type>"禁2-减速让行"</Type>
  <Position>
    1041 145 54 49</Position></Frame00005Target00000>
<Frame00006TargetNumber>1</Frame00006TargetNumber>
<Frame00006Target00000>
  <Type>"禁2-减速让行"</Type>
  <Position>
    1054 135 59 50</Position></Frame00006Target00000>
<Frame00007TargetNumber>1</Frame00007TargetNumber>
<Frame00007Target00000>
  <Type>"禁2-减速让行"</Type>
  <Position>
    1070 127 59 53</Position></Frame00007Target00000>
<Frame00008TargetNumber>1</Frame00008TargetNumber>
<Frame00008Target00000>
  <Type>"禁2-减速让行"</Type>
  <Position>
    1079 121 67 58</Position></Frame00008Target00000>
<Frame00009TargetNumber>1</Frame00009TargetNumber>
<Frame00009Target00000>
  <Type>"禁2-减速让行"</Type>
  <Position>
    1101 116 66 58</Position></Frame00009Target00000>
<Frame00010TargetNumber>1</Frame00010TargetNumber>
<Frame00010Target00000>
  <Type>"禁2-减速让行"</Type>
  <Position>
    1106 111 71 62</Position></Frame00010Target00000>
<Frame00011TargetNumber>1</Frame00011TargetNumber>
<Frame00011Target00000>
  <Type>"禁2-减速让行"</Type>
  <Position>
    1126 90 72 65</Position></Frame00011Target00000>
<Frame00012TargetNumber>1</Frame00012TargetNumber>
<Frame00012Target00000>
  <Type>"禁2-减速让行"</Type>
  <Position>
    1138 81 69 69</Position></Frame00012Target00000>
<Frame00013TargetNumber>1</Frame00013TargetNumber>
<Frame00013Target00000>
  <Type>"禁2-减速让行"</Type>
  <Position>
    1152 69 74 70</Position></Frame00013Target00000>
</opencv_storage>
