<?xml version="1.0"?>
<opencv_storage>
<FrameNumber>13</FrameNumber>
<Frame00000TargetNumber>7</Frame00000TargetNumber>
<Frame00000Target00000>
  <Type>"警1-T型交叉左"</Type>
  <Position>
    1021 255 66 64</Position></Frame00000Target00000>
<Frame00000Target00001>
  <Type>"禁38-限制速度"</Type>
  <Position>
    1022 148 42 37</Position></Frame00000Target00001>
<Frame00000Target00002>
  <Type>"禁35-限制高度"</Type>
  <Position>
    1084 146 41 42</Position></Frame00000Target00002>
<Frame00000Target00003>
  <Type>"禁34-限制宽度"</Type>
  <Position>
    1143 147 43 39</Position></Frame00000Target00003>
<Frame00000Target00004>
  <Type>"禁31-禁止停车"</Type>
  <Position>
    1024 98 40 42</Position></Frame00000Target00004>
<Frame00000Target00005>
  <Type>"禁33-禁止鸣笛"</Type>
  <Position>
    1085 93 41 45</Position></Frame00000Target00005>
<Frame00000Target00006>
  <Type>"禁28-禁止掉头"</Type>
  <Position>
    1147 97 40 39</Position></Frame00000Target00006>
<Frame00001TargetNumber>7</Frame00001TargetNumber>
<Frame00001Target00000>
  <Type>"禁28-禁止掉头"</Type>
  <Position>
    1151 95 44 39</Position></Frame00001Target00000>
<Frame00001Target00001>
  <Type>"禁33-禁止鸣笛"</Type>
  <Position>
    1087 95 41 41</Position></Frame00001Target00001>
<Frame00001Target00002>
  <Type>"禁31-禁止停车"</Type>
  <Position>
    1024 95 44 44</Position></Frame00001Target00002>
<Frame00001Target00003>
  <Type>"禁38-限制速度"</Type>
  <Position>
    1024 144 41 41</Position></Frame00001Target00003>
<Frame00001Target00004>
  <Type>"禁35-限制高度"</Type>
  <Position>
    1087 143 42 43</Position></Frame00001Target00004>
<Frame00001Target00005>
  <Type>"禁34-限制宽度"</Type>
  <Position>
    1149 143 43 42</Position></Frame00001Target00005>
<Frame00001Target00006>
  <Type>"警1-T型交叉左"</Type>
  <Position>
    1023 255 68 64</Position></Frame00001Target00006>
<Frame00002TargetNumber>7</Frame00002TargetNumber>
<Frame00002Target00000>
  <Type>"警1-T型交叉左"</Type>
  <Position>
    1026 259 71 59</Position></Frame00002Target00000>
<Frame00002Target00001>
  <Type>"禁38-限制速度"</Type>
  <Position>
    1029 142 41 44</Position></Frame00002Target00001>
<Frame00002Target00002>
  <Type>"禁35-限制高度"</Type>
  <Position>
    1092 142 41 43</Position></Frame00002Target00002>
<Frame00002Target00003>
  <Type>"禁34-限制宽度"</Type>
  <Position>
    1152 142 45 44</Position></Frame00002Target00003>
<Frame00002Target00004>
  <Type>"禁28-禁止掉头"</Type>
  <Position>
    1155 90 44 44</Position></Frame00002Target00004>
<Frame00002Target00005>
  <Type>"禁33-禁止鸣笛"</Type>
  <Position>
    1090 90 44 44</Position></Frame00002Target00005>
<Frame00002Target00006>
  <Type>"禁31-禁止停车"</Type>
  <Position>
    1028 95 42 42</Position></Frame00002Target00006>
<Frame00003TargetNumber>7</Frame00003TargetNumber>
<Frame00003Target00000>
  <Type>"禁31-禁止停车"</Type>
  <Position>
    1030 92 44 43</Position></Frame00003Target00000>
<Frame00003Target00001>
  <Type>"禁33-禁止鸣笛"</Type>
  <Position>
    1097 90 40 45</Position></Frame00003Target00001>
<Frame00003Target00002>
  <Type>"禁28-禁止掉头"</Type>
  <Position>
    1162 91 44 42</Position></Frame00003Target00002>
<Frame00003Target00003>
  <Type>"禁38-限制速度"</Type>
  <Position>
    1029 142 45 43</Position></Frame00003Target00003>
<Frame00003Target00004>
  <Type>"禁35-限制高度"</Type>
  <Position>
    1096 143 41 44</Position></Frame00003Target00004>
<Frame00003Target00005>
  <Type>"禁34-限制宽度"</Type>
  <Position>
    1158 140 46 46</Position></Frame00003Target00005>
<Frame00003Target00006>
  <Type>"警1-T型交叉左"</Type>
  <Position>
    1031 256 76 67</Position></Frame00003Target00006>
<Frame00004TargetNumber>7</Frame00004TargetNumber>
<Frame00004Target00000>
  <Type>"警1-T型交叉左"</Type>
  <Position>
    1036 253 78 65</Position></Frame00004Target00000>
<Frame00004Target00001>
  <Type>"禁38-限制速度"</Type>
  <Position>
    1029 137 46 43</Position></Frame00004Target00001>
<Frame00004Target00002>
  <Type>"禁35-限制高度"</Type>
  <Position>
    1099 133 43 46</Position></Frame00004Target00002>
<Frame00004Target00003>
  <Type>"禁34-限制宽度"</Type>
  <Position>
    1163 133 46 47</Position></Frame00004Target00003>
<Frame00004Target00004>
  <Type>"禁31-禁止停车"</Type>
  <Position>
    1031 86 47 42</Position></Frame00004Target00004>
<Frame00004Target00005>
  <Type>"禁33-禁止鸣笛"</Type>
  <Position>
    1099 84 42 42</Position></Frame00004Target00005>
<Frame00004Target00006>
  <Type>"禁28-禁止掉头"</Type>
  <Position>
    1166 79 43 46</Position></Frame00004Target00006>
<Frame00005TargetNumber>7</Frame00005TargetNumber>
<Frame00005Target00000>
  <Type>"禁28-禁止掉头"</Type>
  <Position>
    1172 74 45 46</Position></Frame00005Target00000>
<Frame00005Target00001>
  <Type>"禁33-禁止鸣笛"</Type>
  <Position>
    1103 74 46 46</Position></Frame00005Target00001>
<Frame00005Target00002>
  <Type>"禁31-禁止停车"</Type>
  <Position>
    1035 79 44 44</Position></Frame00005Target00002>
<Frame00005Target00003>
  <Type>"禁38-限制速度"</Type>
  <Position>
    1034 132 47 46</Position></Frame00005Target00003>
<Frame00005Target00004>
  <Type>"禁35-限制高度"</Type>
  <Position>
    1102 132 42 43</Position></Frame00005Target00004>
<Frame00005Target00005>
  <Type>"禁34-限制宽度"</Type>
  <Position>
    1170 131 47 44</Position></Frame00005Target00005>
<Frame00005Target00006>
  <Type>"警1-T型交叉左"</Type>
  <Position>
    1044 246 81 73</Position></Frame00005Target00006>
<Frame00006TargetNumber>7</Frame00006TargetNumber>
<Frame00006Target00000>
  <Type>"警1-T型交叉左"</Type>
  <Position>
    1049 240 82 71</Position></Frame00006Target00000>
<Frame00006Target00001>
  <Type>"禁34-限制宽度"</Type>
  <Position>
    1176 117 46 49</Position></Frame00006Target00001>
<Frame00006Target00002>
  <Type>"禁35-限制高度"</Type>
  <Position>
    1107 120 45 45</Position></Frame00006Target00002>
<Frame00006Target00003>
  <Type>"禁38-限制速度"</Type>
  <Position>
    1037 121 46 45</Position></Frame00006Target00003>
<Frame00006Target00004>
  <Type>"禁28-禁止掉头"</Type>
  <Position>
    1179 65 45 46</Position></Frame00006Target00004>
<Frame00006Target00005>
  <Type>"禁33-禁止鸣笛"</Type>
  <Position>
    1107 63 46 49</Position></Frame00006Target00005>
<Frame00006Target00006>
  <Type>"禁31-禁止停车"</Type>
  <Position>
    1039 67 46 45</Position></Frame00006Target00006>
<Frame00007TargetNumber>7</Frame00007TargetNumber>
<Frame00007Target00000>
  <Type>"禁31-禁止停车"</Type>
  <Position>
    1042 64 46 47</Position></Frame00007Target00000>
<Frame00007Target00001>
  <Type>"禁33-禁止鸣笛"</Type>
  <Position>
    1113 61 45 46</Position></Frame00007Target00001>
<Frame00007Target00002>
  <Type>"禁28-禁止掉头"</Type>
  <Position>
    1183 61 48 47</Position></Frame00007Target00002>
<Frame00007Target00003>
  <Type>"禁38-限制速度"</Type>
  <Position>
    1043 116 45 48</Position></Frame00007Target00003>
<Frame00007Target00004>
  <Type>"禁35-限制高度"</Type>
  <Position>
    1111 119 46 45</Position></Frame00007Target00004>
<Frame00007Target00005>
  <Type>"禁34-限制宽度"</Type>
  <Position>
    1182 118 47 47</Position></Frame00007Target00005>
<Frame00007Target00006>
  <Type>"警1-T型交叉左"</Type>
  <Position>
    1058 241 87 71</Position></Frame00007Target00006>
<Frame00008TargetNumber>7</Frame00008TargetNumber>
<Frame00008Target00000>
  <Type>"警1-T型交叉左"</Type>
  <Position>
    1065 238 88 78</Position></Frame00008Target00000>
<Frame00008Target00001>
  <Type>"禁38-限制速度"</Type>
  <Position>
    1045 122 49 48</Position></Frame00008Target00001>
<Frame00008Target00002>
  <Type>"禁35-限制高度"</Type>
  <Position>
    1115 121 49 47</Position></Frame00008Target00002>
<Frame00008Target00003>
  <Type>"禁34-限制宽度"</Type>
  <Position>
    1186 120 51 50</Position></Frame00008Target00003>
<Frame00008Target00004>
  <Type>"禁31-禁止停车"</Type>
  <Position>
    1047 67 46 47</Position></Frame00008Target00004>
