<?xml version="1.0"?>
<opencv_storage>
<FrameNumber>10</FrameNumber>
<Frame00000TargetNumber>1</Frame00000TargetNumber>
<Frame00000Target00000>
  <Type>"璀35-㈣"</Type>
  <Position>
    546 271 24 24</Position></Frame00000Target00000>
<Frame00001TargetNumber>1</Frame00001TargetNumber>
<Frame00001Target00000>
  <Type>"璀35-㈣"</Type>
  <Position>
    528 267 26 26</Position></Frame00001Target00000>
<Frame00002TargetNumber>1</Frame00002TargetNumber>
<Frame00002Target00000>
  <Type>"璀35-㈣"</Type>
  <Position>
    507 263 29 26</Position></Frame00002Target00000>
<Frame00003TargetNumber>1</Frame00003TargetNumber>
<Frame00003Target00000>
  <Type>"璀35-㈣"</Type>
  <Position>
    484 261 33 28</Position></Frame00003Target00000>
<Frame00004TargetNumber>1</Frame00004TargetNumber>
<Frame00004Target00000>
  <Type>"璀35-㈣"</Type>
  <Position>
    458 253 33 31</Position></Frame00004Target00000>
<Frame00005TargetNumber>1</Frame00005TargetNumber>
<Frame00005Target00000>
  <Type>"璀35-㈣"</Type>
  <Position>
    429 245 35 33</Position></Frame00005Target00000>
<Frame00006TargetNumber>1</Frame00006TargetNumber>
<Frame00006Target00000>
  <Type>"璀35-㈣"</Type>
  <Position>
    395 236 36 35</Position></Frame00006Target00000>
<Frame00007TargetNumber>1</Frame00007TargetNumber>
<Frame00007Target00000>
  <Type>"璀35-㈣"</Type>
  <Position>
    353 227 42 37</Position></Frame00007Target00000>
<Frame00008TargetNumber>1</Frame00008TargetNumber>
<Frame00008Target00000>
  <Type>"璀35-㈣"</Type>
  <Position>
    303 218 45 43</Position></Frame00008Target00000>
<Frame00009TargetNumber>1</Frame00009TargetNumber>
<Frame00009Target00000>
  <Type>"璀35-㈣"</Type>
  <Position>
    242 207 49 44</Position></Frame00009Target00000>
</opencv_storage>
