<?xml version="1.0"?>
<opencv_storage>
<FrameNumber>24</FrameNumber>
<Frame00000TargetNumber>1</Frame00000TargetNumber>
<Frame00000Target00000>
  <Type>"路52-出口标志及出口地点方向"</Type>
  <Position>
    558 268 44 57</Position></Frame00000Target00000>
<Frame00001TargetNumber>1</Frame00001TargetNumber>
<Frame00001Target00000>
  <Type>"路52-出口标志及出口地点方向"</Type>
  <Position>
    554 265 40 60</Position></Frame00001Target00000>
<Frame00002TargetNumber>1</Frame00002TargetNumber>
<Frame00002Target00000>
  <Type>"路52-出口标志及出口地点方向"</Type>
  <Position>
    544 264 43 62</Position></Frame00002Target00000>
<Frame00003TargetNumber>1</Frame00003TargetNumber>
<Frame00003Target00000>
  <Type>"路52-出口标志及出口地点方向"</Type>
  <Position>
    536 262 47 60</Position></Frame00003Target00000>
<Frame00004TargetNumber>1</Frame00004TargetNumber>
<Frame00004Target00000>
  <Type>"路52-出口标志及出口地点方向"</Type>
  <Position>
    529 264 49 62</Position></Frame00004Target00000>
<Frame00005TargetNumber>1</Frame00005TargetNumber>
<Frame00005Target00000>
  <Type>"路52-出口标志及出口地点方向"</Type>
  <Position>
    518 260 49 66</Position></Frame00005Target00000>
<Frame00006TargetNumber>1</Frame00006TargetNumber>
<Frame00006Target00000>
  <Type>"路52-出口标志及出口地点方向"</Type>
  <Position>
    507 253 55 68</Position></Frame00006Target00000>
<Frame00007TargetNumber>1</Frame00007TargetNumber>
<Frame00007Target00000>
  <Type>"路52-出口标志及出口地点方向"</Type>
  <Position>
    499 241 55 70</Position></Frame00007Target00000>
<Frame00008TargetNumber>1</Frame00008TargetNumber>
<Frame00008Target00000>
  <Type>"路52-出口标志及出口地点方向"</Type>
  <Position>
    491 245 53 71</Position></Frame00008Target00000>
<Frame00009TargetNumber>1</Frame00009TargetNumber>
<Frame00009Target00000>
  <Type>"路52-出口标志及出口地点方向"</Type>
  <Position>
    476 248 59 74</Position></Frame00009Target00000>
<Frame00010TargetNumber>1</Frame00010TargetNumber>
<Frame00010Target00000>
  <Type>"路52-出口标志及出口地点方向"</Type>
  <Position>
    473 246 58 75</Position></Frame00010Target00000>
<Frame00011TargetNumber>1</Frame00011TargetNumber>
<Frame00011Target00000>
  <Type>"路52-出口标志及出口地点方向"</Type>
  <Position>
    463 234 60 79</Position></Frame00011Target00000>
<Frame00012TargetNumber>1</Frame00012TargetNumber>
<Frame00012Target00000>
  <Type>"路52-出口标志及出口地点方向"</Type>
  <Position>
    452 226 60 86</Position></Frame00012Target00000>
<Frame00013TargetNumber>1</Frame00013TargetNumber>
<Frame00013Target00000>
  <Type>"路52-出口标志及出口地点方向"</Type>
  <Position>
    443 222 63 83</Position></Frame00013Target00000>
<Frame00014TargetNumber>1</Frame00014TargetNumber>
<Frame00014Target00000>
  <Type>"路52-出口标志及出口地点方向"</Type>
  <Position>
    432 213 64 90</Position></Frame00014Target00000>
<Frame00015TargetNumber>1</Frame00015TargetNumber>
<Frame00015Target00000>
  <Type>"路52-出口标志及出口地点方向"</Type>
  <Position>
    419 205 70 93</Position></Frame00015Target00000>
<Frame00016TargetNumber>1</Frame00016TargetNumber>
<Frame00016Target00000>
  <Type>"路52-出口标志及出口地点方向"</Type>
  <Position>
    403 199 77 96</Position></Frame00016Target00000>
<Frame00017TargetNumber>1</Frame00017TargetNumber>
<Frame00017Target00000>
  <Type>"路52-出口标志及出口地点方向"</Type>
  <Position>
    385 190 80 101</Position></Frame00017Target00000>
<Frame00018TargetNumber>1</Frame00018TargetNumber>
<Frame00018Target00000>
  <Type>"路52-出口标志及出口地点方向"</Type>
  <Position>
    367 177 85 109</Position></Frame00018Target00000>
<Frame00019TargetNumber>1</Frame00019TargetNumber>
<Frame00019Target00000>
  <Type>"路52-出口标志及出口地点方向"</Type>
  <Position>
    338 165 90 113</Position></Frame00019Target00000>
<Frame00020TargetNumber>1</Frame00020TargetNumber>
<Frame00020Target00000>
  <Type>"路52-出口标志及出口地点方向"</Type>
  <Position>
    315 154 90 124</Position></Frame00020Target00000>
<Frame00021TargetNumber>1</Frame00021TargetNumber>
<Frame00021Target00000>
  <Type>"路52-出口标志及出口地点方向"</Type>
  <Position>
    281 136 97 129</Position></Frame00021Target00000>
<Frame00022TargetNumber>1</Frame00022TargetNumber>
<Frame00022Target00000>
  <Type>"路52-出口标志及出口地点方向"</Type>
  <Position>
    247 121 102 140</Position></Frame00022Target00000>
<Frame00023TargetNumber>1</Frame00023TargetNumber>
<Frame00023Target00000>
  <Type>"路52-出口标志及出口地点方向"</Type>
  <Position>
    207 106 111 145</Position></Frame00023Target00000>
</opencv_storage>
