<?xml version="1.0"?>
<opencv_storage>
<FrameNumber>12</FrameNumber>
<Frame00000TargetNumber>1</Frame00000TargetNumber>
<Frame00000Target00000>
  <Type>"禁7-禁止载货汽车驶入"</Type>
  <Position>
    71 240 39 37</Position></Frame00000Target00000>
<Frame00001TargetNumber>1</Frame00001TargetNumber>
<Frame00001Target00000>
  <Type>"禁7-禁止载货汽车驶入"</Type>
  <Position>
    64 242 40 35</Position></Frame00001Target00000>
<Frame00002TargetNumber>1</Frame00002TargetNumber>
<Frame00002Target00000>
  <Type>"禁7-禁止载货汽车驶入"</Type>
  <Position>
    61 241 37 37</Position></Frame00002Target00000>
<Frame00003TargetNumber>1</Frame00003TargetNumber>
<Frame00003Target00000>
  <Type>"禁7-禁止载货汽车驶入"</Type>
  <Position>
    54 241 40 36</Position></Frame00003Target00000>
<Frame00004TargetNumber>1</Frame00004TargetNumber>
<Frame00004Target00000>
  <Type>"禁7-禁止载货汽车驶入"</Type>
  <Position>
    50 238 41 42</Position></Frame00004Target00000>
<Frame00005TargetNumber>1</Frame00005TargetNumber>
<Frame00005Target00000>
  <Type>"禁7-禁止载货汽车驶入"</Type>
  <Position>
    46 243 40 38</Position></Frame00005Target00000>
<Frame00006TargetNumber>1</Frame00006TargetNumber>
<Frame00006Target00000>
  <Type>"禁7-禁止载货汽车驶入"</Type>
  <Position>
    41 246 39 41</Position></Frame00006Target00000>
<Frame00007TargetNumber>1</Frame00007TargetNumber>
<Frame00007Target00000>
  <Type>"禁7-禁止载货汽车驶入"</Type>
  <Position>
    37 245 39 41</Position></Frame00007Target00000>
<Frame00008TargetNumber>1</Frame00008TargetNumber>
<Frame00008Target00000>
  <Type>"禁7-禁止载货汽车驶入"</Type>
  <Position>
    34 246 41 41</Position></Frame00008Target00000>
<Frame00009TargetNumber>1</Frame00009TargetNumber>
<Frame00009Target00000>
  <Type>"禁7-禁止载货汽车驶入"</Type>
  <Position>
    29 249 43 39</Position></Frame00009Target00000>
<Frame00010TargetNumber>1</Frame00010TargetNumber>
<Frame00010Target00000>
  <Type>"禁7-禁止载货汽车驶入"</Type>
  <Position>
    25 248 44 39</Position></Frame00010Target00000>
<Frame00011TargetNumber>1</Frame00011TargetNumber>
<Frame00011Target00000>
  <Type>"禁7-禁止载货汽车驶入"</Type>
  <Position>
    18 246 47 41</Position></Frame00011Target00000>
</opencv_storage>
