<?xml version="1.0" encoding="UTF-8"?>
<opencv_storage>
<FrameNumber>14</FrameNumber>
<Frame00000TargetNumber>1</Frame00000TargetNumber>
<Frame00000Target00000>
  <Type>"警2-向左急弯路"</Type>
  <Position>
    966 298 34 33</Position></Frame00000Target00000>
<Frame00001TargetNumber>1</Frame00001TargetNumber>
<Frame00001Target00000>
  <Type>"警2-向左急弯路"</Type>
  <Position>
    967 296 39 36</Position></Frame00001Target00000>
<Frame00002TargetNumber>1</Frame00002TargetNumber>
<Frame00002Target00000>
  <Type>"警2-向左急弯路"</Type>
  <Position>
    969 292 45 36</Position></Frame00002Target00000>
<Frame00003TargetNumber>1</Frame00003TargetNumber>
<Frame00003Target00000>
  <Type>"警2-向左急弯路"</Type>
  <Position>
    968 288 47 39</Position></Frame00003Target00000>
<Frame00004TargetNumber>1</Frame00004TargetNumber>
<Frame00004Target00000>
  <Type>"警2-向左急弯路"</Type>
  <Position>
    976 283 43 40</Position></Frame00004Target00000>
<Frame00005TargetNumber>1</Frame00005TargetNumber>
<Frame00005Target00000>
  <Type>"警2-向左急弯路"</Type>
  <Position>
    983 276 46 44</Position></Frame00005Target00000>
<Frame00006TargetNumber>1</Frame00006TargetNumber>
<Frame00006Target00000>
  <Type>"警2-向左急弯路"</Type>
  <Position>
    983 275 51 44</Position></Frame00006Target00000>
<Frame00007TargetNumber>1</Frame00007TargetNumber>
<Frame00007Target00000>
  <Type>"警2-向左急弯路"</Type>
  <Position>
    996 271 57 48</Position></Frame00007Target00000>
<Frame00008TargetNumber>1</Frame00008TargetNumber>
<Frame00008Target00000>
  <Type>"警2-向左急弯路"</Type>
  <Position>
    1015 254 58 54</Position></Frame00008Target00000>
<Frame00009TargetNumber>1</Frame00009TargetNumber>
<Frame00009Target00000>
  <Type>"警2-向左急弯路"</Type>
  <Position>
    1039 226 66 58</Position></Frame00009Target00000>
<Frame00010TargetNumber>1</Frame00010TargetNumber>
<Frame00010Target00000>
  <Type>"警2-向左急弯路"</Type>
  <Position>
    1059 214 74 67</Position></Frame00010Target00000>
<Frame00011TargetNumber>1</Frame00011TargetNumber>
<Frame00011Target00000>
  <Type>"警2-向左急弯路"</Type>
  <Position>
    1068 205 84 71</Position></Frame00011Target00000>
<Frame00012TargetNumber>1</Frame00012TargetNumber>
<Frame00012Target00000>
  <Type>"警2-向左急弯路"</Type>
  <Position>
    1091 191 86 76</Position></Frame00012Target00000>
<Frame00013TargetNumber>1</Frame00013TargetNumber>
<Frame00013Target00000>
  <Type>"警2-向左急弯路"</Type>
  <Position>
    1128 168 104 86</Position></Frame00013Target00000>
</opencv_storage>
