<?xml version="1.0"?>
<opencv_storage>
<FrameNumber>91</FrameNumber>
<Frame00000TargetNumber>0</Frame00000TargetNumber>
<Frame00001TargetNumber>1</Frame00001TargetNumber>
<Frame00001Target00000>
  <Type>"圆形红灯"</Type>
  <Position>
    1021 423 11 20</Position></Frame00001Target00000>
<Frame00002TargetNumber>1</Frame00002TargetNumber>
<Frame00002Target00000>
  <Type>"圆形红灯"</Type>
  <Position>
    1014 427 19 21</Position></Frame00002Target00000>
<Frame00003TargetNumber>1</Frame00003TargetNumber>
<Frame00003Target00000>
  <Type>"圆形红灯"</Type>
  <Position>
    1005 432 19 19</Position></Frame00003Target00000>
<Frame00004TargetNumber>1</Frame00004TargetNumber>
<Frame00004Target00000>
  <Type>"圆形红灯"</Type>
  <Position>
    1002 427 20 22</Position></Frame00004Target00000>
<Frame00005TargetNumber>1</Frame00005TargetNumber>
<Frame00005Target00000>
  <Type>"圆形红灯"</Type>
  <Position>
    989 420 30 16</Position></Frame00005Target00000>
<Frame00006TargetNumber>1</Frame00006TargetNumber>
<Frame00006Target00000>
  <Type>"圆形红灯"</Type>
  <Position>
    990 413 23 16</Position></Frame00006Target00000>
<Frame00007TargetNumber>1</Frame00007TargetNumber>
<Frame00007Target00000>
  <Type>"圆形红灯"</Type>
  <Position>
    984 422 16 23</Position></Frame00007Target00000>
<Frame00008TargetNumber>1</Frame00008TargetNumber>
<Frame00008Target00000>
  <Type>"圆形红灯"</Type>
  <Position>
    972 426 20 16</Position></Frame00008Target00000>
<Frame00009TargetNumber>1</Frame00009TargetNumber>
<Frame00009Target00000>
  <Type>"圆形红灯"</Type>
  <Position>
    961 423 28 16</Position></Frame00009Target00000>
<Frame00010TargetNumber>1</Frame00010TargetNumber>
<Frame00010Target00000>
  <Type>"圆形红灯"</Type>
  <Position>
    958 425 16 18</Position></Frame00010Target00000>
<Frame00011TargetNumber>1</Frame00011TargetNumber>
<Frame00011Target00000>
  <Type>"圆形红灯"</Type>
  <Position>
    946 423 29 18</Position></Frame00011Target00000>
<Frame00012TargetNumber>1</Frame00012TargetNumber>
<Frame00012Target00000>
  <Type>"圆形红灯"</Type>
  <Position>
    936 422 30 18</Position></Frame00012Target00000>
<Frame00013TargetNumber>1</Frame00013TargetNumber>
<Frame00013Target00000>
  <Type>"圆形红灯"</Type>
  <Position>
    929 422 25 23</Position></Frame00013Target00000>
<Frame00014TargetNumber>2</Frame00014TargetNumber>
<Frame00014Target00000>
  <Type>"圆形红灯"</Type>
  <Position>
    921 420 29 23</Position></Frame00014Target00000>
<Frame00014Target00001>
  <Type>"警1-十字交叉"</Type>
  <Position>
    1003 418 28 23</Position></Frame00014Target00001>
<Frame00015TargetNumber>2</Frame00015TargetNumber>
<Frame00015Target00000>
  <Type>"警1-十字交叉"</Type>
  <Position>
    1001 416 25 23</Position></Frame00015Target00000>
<Frame00015Target00001>
  <Type>"圆形红灯"</Type>
  <Position>
    914 423 21 20</Position></Frame00015Target00001>
<Frame00016TargetNumber>2</Frame00016TargetNumber>
<Frame00016Target00000>
  <Type>"圆形红灯"</Type>
  <Position>
    906 419 25 26</Position></Frame00016Target00000>
<Frame00016Target00001>
  <Type>"警1-十字交叉"</Type>
  <Position>
    1001 414 31 22</Position></Frame00016Target00001>
<Frame00017TargetNumber>2</Frame00017TargetNumber>
<Frame00017Target00000>
  <Type>"警1-十字交叉"</Type>
  <Position>
    998 407 32 27</Position></Frame00017Target00000>
<Frame00017Target00001>
  <Type>"圆形红灯"</Type>
  <Position>
    891 411 31 26</Position></Frame00017Target00001>
<Frame00018TargetNumber>2</Frame00018TargetNumber>
<Frame00018Target00000>
  <Type>"圆形红灯"</Type>
  <Position>
    891 417 18 16</Position></Frame00018Target00000>
<Frame00018Target00001>
  <Type>"警1-十字交叉"</Type>
  <Position>
    996 406 33 28</Position></Frame00018Target00001>
<Frame00019TargetNumber>2</Frame00019TargetNumber>
<Frame00019Target00000>
  <Type>"警1-十字交叉"</Type>
  <Position>
    995 403 35 29</Position></Frame00019Target00000>
<Frame00019Target00001>
  <Type>"圆形红灯"</Type>
  <Position>
    883 415 18 16</Position></Frame00019Target00001>
<Frame00020TargetNumber>2</Frame00020TargetNumber>
<Frame00020Target00000>
  <Type>"圆形红灯"</Type>
  <Position>
    874 417 21 16</Position></Frame00020Target00000>
<Frame00020Target00001>
  <Type>"警1-十字交叉"</Type>
  <Position>
    997 408 35 26</Position></Frame00020Target00001>
<Frame00021TargetNumber>2</Frame00021TargetNumber>
<Frame00021Target00000>
  <Type>"警1-十字交叉"</Type>
  <Position>
    997 403 29 32</Position></Frame00021Target00000>
<Frame00021Target00001>
  <Type>"圆形红灯"</Type>
  <Position>
    864 420 21 13</Position></Frame00021Target00001>
<Frame00022TargetNumber>2</Frame00022TargetNumber>
<Frame00022Target00000>
  <Type>"圆形红灯"</Type>
  <Position>
    855 410 20 26</Position></Frame00022Target00000>
<Frame00022Target00001>
  <Type>"警1-十字交叉"</Type>
  <Position>
    998 404 34 30</Position></Frame00022Target00001>
<Frame00023TargetNumber>2</Frame00023TargetNumber>
<Frame00023Target00000>
  <Type>"警1-十字交叉"</Type>
  <Position>
    1002 401 30 32</Position></Frame00023Target00000>
<Frame00023Target00001>
  <Type>"圆形红灯"</Type>
  <Position>
    850 416 16 20</Position></Frame00023Target00001>
<Frame00024TargetNumber>2</Frame00024TargetNumber>
<Frame00024Target00000>
  <Type>"圆形红灯"</Type>
  <Position>
    839 412 16 18</Position></Frame00024Target00000>
<Frame00024Target00001>
  <Type>"警1-十字交叉"</Type>
  <Position>
    1002 397 33 34</Position></Frame00024Target00001>
<Frame00025TargetNumber>2</Frame00025TargetNumber>
<Frame00025Target00000>
  <Type>"警1-十字交叉"</Type>
  <Position>
    1003 393 38 31</Position></Frame00025Target00000>
<Frame00025Target00001>
  <Type>"圆形红灯"</Type>
  <Position>
    834 411 12 13</Position></Frame00025Target00001>
<Frame00026TargetNumber>2</Frame00026TargetNumber>
<Frame00026Target00000>
  <Type>"圆形红灯"</Type>
  <Position>
    824 411 15 15</Position></Frame00026Target00000>
<Frame00026Target00001>
  <Type>"警1-十字交叉"</Type>
  <Position>
    1006 390 36 34</Position></Frame00026Target00001>
<Frame00027TargetNumber>2</Frame00027TargetNumber>
<Frame00027Target00000>
  <Type>"警1-十字交叉"</Type>
  <Position>
    1011 385 39 38</Position></Frame00027Target00000>
<Frame00027Target00001>
  <Type>"圆形红灯"</Type>
  <Position>
    819 405 16 21</Position></Frame00027Target00001>
<Frame00028TargetNumber>2</Frame00028TargetNumber>
<Frame00028Target00000>
  <Type>"圆形红灯"</Type>
  <Position>
    810 404 16 15</Position></Frame00028Target00000>
<Frame00028Target00001>
  <Type>"警1-十字交叉"</Type>
  <Position>
    1016 384 38 35</Position></Frame00028Target00001>
<Frame00029TargetNumber>2</Frame00029TargetNumber>
<Frame00029Target00000>
  <Type>"警1-十字交叉"</Type>
  <Position>
    1027 385 44 38</Position></Frame00029Target00000>
<Frame00029Target00001>
  <Type>"圆形红灯"</Type>
  <Position>
    803 409 25 19</Position></Frame00029Target00001>
<Frame00030TargetNumber>2</Frame00030TargetNumber>
<Frame00030Target00000>
  <Type>"圆形红灯"</Type>
  <Position>
    798 410 20 16</Position></Frame00030Target00000>
<Frame00030Target00001>
  <Type>"警1-十字交叉"</Type>
  <Position>
    1039 383 39 37</Position></Frame00030Target00001>
<Frame00031TargetNumber>2</Frame00031TargetNumber>
<Frame00031Target00000>
  <Type>"警1-十字交叉"</Type>
  <Position>
    1051 376 44 38</Position></Frame00031Target00000>
<Frame00031Target00001>
  <Type>"圆形红灯"</Type>
  <Position>
    795 406 23 14</Position></Frame00031Target00001>
<Frame00032TargetNumber>2</Frame00032TargetNumber>
<Frame00032Target00000>
  <Type>"圆形红灯"</Type>
  <Position>
    795 404 11 14</Position></Frame00032Target00000>
<Frame00032Target00001>
  <Type>"警1-十字交叉"</Type>
  <Position>
    1063 370 48 43</Position></Frame00032Target00001>
<Frame00033TargetNumber>2</Frame00033TargetNumber>
<Frame00033Target00000>
  <Type>"警1-十字交叉"</Type>
  <Position>
    1081 367 45 42</Position></Frame00033Target00000>
