<?xml version="1.0"?>
<opencv_storage>
<FrameNumber>12</FrameNumber>
<Frame00000TargetNumber>1</Frame00000TargetNumber>
<Frame00000Target00000>
  <Type>"禁29-禁止超车"</Type>
  <Position>
    898 213 49 43</Position></Frame00000Target00000>
<Frame00001TargetNumber>1</Frame00001TargetNumber>
<Frame00001Target00000>
  <Type>"禁29-禁止超车"</Type>
  <Position>
    906 209 48 44</Position></Frame00001Target00000>
<Frame00002TargetNumber>1</Frame00002TargetNumber>
<Frame00002Target00000>
  <Type>"禁29-禁止超车"</Type>
  <Position>
    922 202 53 48</Position></Frame00002Target00000>
<Frame00003TargetNumber>1</Frame00003TargetNumber>
<Frame00003Target00000>
  <Type>"禁29-禁止超车"</Type>
  <Position>
    933 199 51 48</Position></Frame00003Target00000>
<Frame00004TargetNumber>1</Frame00004TargetNumber>
<Frame00004Target00000>
  <Type>"禁29-禁止超车"</Type>
  <Position>
    951 190 60 52</Position></Frame00004Target00000>
<Frame00005TargetNumber>1</Frame00005TargetNumber>
<Frame00005Target00000>
  <Type>"禁29-禁止超车"</Type>
  <Position>
    964 182 59 56</Position></Frame00005Target00000>
<Frame00006TargetNumber>1</Frame00006TargetNumber>
<Frame00006Target00000>
  <Type>"禁29-禁止超车"</Type>
  <Position>
    990 170 66 63</Position></Frame00006Target00000>
<Frame00007TargetNumber>1</Frame00007TargetNumber>
<Frame00007Target00000>
  <Type>"禁29-禁止超车"</Type>
  <Position>
    1005 166 68 66</Position></Frame00007Target00000>
<Frame00008TargetNumber>1</Frame00008TargetNumber>
<Frame00008Target00000>
  <Type>"禁29-禁止超车"</Type>
  <Position>
    1034 156 81 69</Position></Frame00008Target00000>
<Frame00009TargetNumber>1</Frame00009TargetNumber>
<Frame00009Target00000>
  <Type>"禁29-禁止超车"</Type>
  <Position>
    1054 145 83 73</Position></Frame00009Target00000>
<Frame00010TargetNumber>1</Frame00010TargetNumber>
<Frame00010Target00000>
  <Type>"禁29-禁止超车"</Type>
  <Position>
    1102 121 90 83</Position></Frame00010Target00000>
<Frame00011TargetNumber>1</Frame00011TargetNumber>
<Frame00011Target00000>
  <Type>"禁29-禁止超车"</Type>
  <Position>
    1128 109 98 87</Position></Frame00011Target00000>
</opencv_storage>
