<?xml version="1.0"?>
<opencv_storage>
<FrameNumber>82</FrameNumber>
<Frame00000TargetNumber>1</Frame00000TargetNumber>
<Frame00000Target00000>
  <Type>"圆形绿灯"</Type>
  <Position>
    414 324 10 13</Position></Frame00000Target00000>
<Frame00001TargetNumber>1</Frame00001TargetNumber>
<Frame00001Target00000>
  <Type>"圆形绿灯"</Type>
  <Position>
    413 320 10 12</Position></Frame00001Target00000>
<Frame00002TargetNumber>1</Frame00002TargetNumber>
<Frame00002Target00000>
  <Type>"圆形绿灯"</Type>
  <Position>
    413 322 12 11</Position></Frame00002Target00000>
<Frame00003TargetNumber>1</Frame00003TargetNumber>
<Frame00003Target00000>
  <Type>"圆形绿灯"</Type>
  <Position>
    409 324 13 11</Position></Frame00003Target00000>
<Frame00004TargetNumber>1</Frame00004TargetNumber>
<Frame00004Target00000>
  <Type>"圆形绿灯"</Type>
  <Position>
    409 321 12 11</Position></Frame00004Target00000>
<Frame00005TargetNumber>1</Frame00005TargetNumber>
<Frame00005Target00000>
  <Type>"圆形绿灯"</Type>
  <Position>
    407 326 13 10</Position></Frame00005Target00000>
<Frame00006TargetNumber>1</Frame00006TargetNumber>
<Frame00006Target00000>
  <Type>"圆形绿灯"</Type>
  <Position>
    407 331 12 12</Position></Frame00006Target00000>
<Frame00007TargetNumber>1</Frame00007TargetNumber>
<Frame00007Target00000>
  <Type>"圆形绿灯"</Type>
  <Position>
    405 331 11 12</Position></Frame00007Target00000>
<Frame00008TargetNumber>1</Frame00008TargetNumber>
<Frame00008Target00000>
  <Type>"圆形绿灯"</Type>
  <Position>
    402 326 12 11</Position></Frame00008Target00000>
<Frame00009TargetNumber>1</Frame00009TargetNumber>
<Frame00009Target00000>
  <Type>"圆形绿灯"</Type>
  <Position>
    400 323 12 12</Position></Frame00009Target00000>
<Frame00010TargetNumber>1</Frame00010TargetNumber>
<Frame00010Target00000>
  <Type>"圆形绿灯"</Type>
  <Position>
    398 313 11 13</Position></Frame00010Target00000>
<Frame00011TargetNumber>1</Frame00011TargetNumber>
<Frame00011Target00000>
  <Type>"圆形绿灯"</Type>
  <Position>
    397 320 10 11</Position></Frame00011Target00000>
<Frame00012TargetNumber>1</Frame00012TargetNumber>
<Frame00012Target00000>
  <Type>"圆形绿灯"</Type>
  <Position>
    394 317 11 12</Position></Frame00012Target00000>
<Frame00013TargetNumber>1</Frame00013TargetNumber>
<Frame00013Target00000>
  <Type>"圆形绿灯"</Type>
  <Position>
    392 324 11 11</Position></Frame00013Target00000>
<Frame00014TargetNumber>1</Frame00014TargetNumber>
<Frame00014Target00000>
  <Type>"圆形绿灯"</Type>
  <Position>
    389 330 14 11</Position></Frame00014Target00000>
<Frame00015TargetNumber>1</Frame00015TargetNumber>
<Frame00015Target00000>
  <Type>"圆形绿灯"</Type>
  <Position>
    390 325 11 11</Position></Frame00015Target00000>
<Frame00016TargetNumber>1</Frame00016TargetNumber>
<Frame00016Target00000>
  <Type>"圆形绿灯"</Type>
  <Position>
    385 322 13 10</Position></Frame00016Target00000>
<Frame00017TargetNumber>1</Frame00017TargetNumber>
<Frame00017Target00000>
  <Type>"圆形绿灯"</Type>
  <Position>
    384 318 11 13</Position></Frame00017Target00000>
<Frame00018TargetNumber>1</Frame00018TargetNumber>
<Frame00018Target00000>
  <Type>"圆形绿灯"</Type>
  <Position>
    379 319 13 11</Position></Frame00018Target00000>
<Frame00019TargetNumber>1</Frame00019TargetNumber>
<Frame00019Target00000>
  <Type>"圆形绿灯"</Type>
  <Position>
    377 320 13 12</Position></Frame00019Target00000>
<Frame00020TargetNumber>1</Frame00020TargetNumber>
<Frame00020Target00000>
  <Type>"圆形绿灯"</Type>
  <Position>
    375 322 14 13</Position></Frame00020Target00000>
<Frame00021TargetNumber>1</Frame00021TargetNumber>
<Frame00021Target00000>
  <Type>"圆形绿灯"</Type>
  <Position>
    374 321 11 13</Position></Frame00021Target00000>
<Frame00022TargetNumber>1</Frame00022TargetNumber>
<Frame00022Target00000>
  <Type>"圆形绿灯"</Type>
  <Position>
    370 321 12 12</Position></Frame00022Target00000>
<Frame00023TargetNumber>1</Frame00023TargetNumber>
<Frame00023Target00000>
  <Type>"圆形绿灯"</Type>
  <Position>
    370 321 12 14</Position></Frame00023Target00000>
<Frame00024TargetNumber>1</Frame00024TargetNumber>
<Frame00024Target00000>
  <Type>"圆形绿灯"</Type>
  <Position>
    364 327 17 11</Position></Frame00024Target00000>
<Frame00025TargetNumber>1</Frame00025TargetNumber>
<Frame00025Target00000>
  <Type>"圆形绿灯"</Type>
  <Position>
    363 326 15 11</Position></Frame00025Target00000>
<Frame00026TargetNumber>1</Frame00026TargetNumber>
<Frame00026Target00000>
  <Type>"圆形绿灯"</Type>
  <Position>
    360 328 14 13</Position></Frame00026Target00000>
<Frame00027TargetNumber>1</Frame00027TargetNumber>
<Frame00027Target00000>
  <Type>"圆形绿灯"</Type>
  <Position>
    357 329 15 13</Position></Frame00027Target00000>
<Frame00028TargetNumber>1</Frame00028TargetNumber>
<Frame00028Target00000>
  <Type>"圆形绿灯"</Type>
  <Position>
    356 326 15 14</Position></Frame00028Target00000>
<Frame00029TargetNumber>1</Frame00029TargetNumber>
<Frame00029Target00000>
  <Type>"圆形绿灯"</Type>
  <Position>
    351 324 16 12</Position></Frame00029Target00000>
<Frame00030TargetNumber>1</Frame00030TargetNumber>
<Frame00030Target00000>
  <Type>"圆形绿灯"</Type>
  <Position>
    350 318 15 13</Position></Frame00030Target00000>
<Frame00031TargetNumber>1</Frame00031TargetNumber>
<Frame00031Target00000>
  <Type>"圆形绿灯"</Type>
  <Position>
    349 317 15 12</Position></Frame00031Target00000>
<Frame00032TargetNumber>1</Frame00032TargetNumber>
<Frame00032Target00000>
  <Type>"圆形绿灯"</Type>
  <Position>
    345 316 13 12</Position></Frame00032Target00000>
<Frame00033TargetNumber>1</Frame00033TargetNumber>
<Frame00033Target00000>
  <Type>"圆形绿灯"</Type>
  <Position>
    342 312 13 12</Position></Frame00033Target00000>
<Frame00034TargetNumber>1</Frame00034TargetNumber>
<Frame00034Target00000>
  <Type>"圆形绿灯"</Type>
  <Position>
    338 315 14 11</Position></Frame00034Target00000>
<Frame00035TargetNumber>1</Frame00035TargetNumber>
<Frame00035Target00000>
  <Type>"圆形绿灯"</Type>
  <Position>
    334 318 15 12</Position></Frame00035Target00000>
<Frame00036TargetNumber>1</Frame00036TargetNumber>
<Frame00036Target00000>
  <Type>"圆形绿灯"</Type>
  <Position>
    334 314 13 14</Position></Frame00036Target00000>
<Frame00037TargetNumber>2</Frame00037TargetNumber>
<Frame00037Target00000>
  <Type>"圆形绿灯"</Type>
  <Position>
    790 295 13 15</Position></Frame00037Target00000>
<Frame00037Target00001>
  <Type>"圆形绿灯"</Type>
  <Position>
    327 311 15 14</Position></Frame00037Target00001>
<Frame00038TargetNumber>2</Frame00038TargetNumber>
<Frame00038Target00000>
  <Type>"圆形绿灯"</Type>
  <Position>
    793 290 12 13</Position></Frame00038Target00000>
<Frame00038Target00001>
  <Type>"圆形绿灯"</Type>
  <Position>
    326 308 13 12</Position></Frame00038Target00001>
<Frame00039TargetNumber>2</Frame00039TargetNumber>
<Frame00039Target00000>
  <Type>"圆形绿灯"</Type>
  <Position>
    794 291 13 12</Position></Frame00039Target00000>
<Frame00039Target00001>
  <Type>"圆形绿灯"</Type>
  <Position>
    321 306 16 12</Position></Frame00039Target00001>
<Frame00040TargetNumber>2</Frame00040TargetNumber>
<Frame00040Target00000>
  <Type>"圆形绿灯"</Type>
  <Position>
    319 304 16 14</Position></Frame00040Target00000>
<Frame00040Target00001>
  <Type>"圆形绿灯"</Type>
  <Position>
    795 287 13 16</Position></Frame00040Target00001>
<Frame00041TargetNumber>2</Frame00041TargetNumber>
<Frame00041Target00000>
  <Type>"圆形绿灯"</Type>
  <Position>
    798 287 12 12</Position></Frame00041Target00000>
<Frame00041Target00001>
  <Type>"圆形绿灯"</Type>
  <Position>
    315 302 14 12</Position></Frame00041Target00001>
<Frame00042TargetNumber>2</Frame00042TargetNumber>
<Frame00042Target00000>
  <Type>"圆形绿灯"</Type>
  <Position>
    311 302 14 12</Position></Frame00042Target00000>
<Frame00042Target00001>
  <Type>"圆形绿灯"</Type>
  <Position>
    801 284 13 13</Position></Frame00042Target00001>
