<?xml version="1.0"?>
<opencv_storage>
<FrameNumber>18</FrameNumber>
<Frame00000TargetNumber>1</Frame00000TargetNumber>
<Frame00000Target00000>
  <Type>"警1-Y型交叉"</Type>
  <Position>
    958 300 53 48</Position></Frame00000Target00000>
<Frame00001TargetNumber>1</Frame00001TargetNumber>
<Frame00001Target00000>
  <Type>"警1-Y型交叉"</Type>
  <Position>
    959 301 57 51</Position></Frame00001Target00000>
<Frame00002TargetNumber>1</Frame00002TargetNumber>
<Frame00002Target00000>
  <Type>"警1-Y型交叉"</Type>
  <Position>
    971 299 54 49</Position></Frame00002Target00000>
<Frame00003TargetNumber>1</Frame00003TargetNumber>
<Frame00003Target00000>
  <Type>"警1-Y型交叉"</Type>
  <Position>
    976 296 59 55</Position></Frame00003Target00000>
<Frame00004TargetNumber>1</Frame00004TargetNumber>
<Frame00004Target00000>
  <Type>"警1-Y型交叉"</Type>
  <Position>
    985 293 59 54</Position></Frame00004Target00000>
<Frame00005TargetNumber>1</Frame00005TargetNumber>
<Frame00005Target00000>
  <Type>"警1-Y型交叉"</Type>
  <Position>
    987 282 68 63</Position></Frame00005Target00000>
<Frame00006TargetNumber>1</Frame00006TargetNumber>
<Frame00006Target00000>
  <Type>"警1-Y型交叉"</Type>
  <Position>
    995 282 69 60</Position></Frame00006Target00000>
<Frame00007TargetNumber>1</Frame00007TargetNumber>
<Frame00007Target00000>
  <Type>"警1-Y型交叉"</Type>
  <Position>
    1003 284 75 57</Position></Frame00007Target00000>
<Frame00008TargetNumber>1</Frame00008TargetNumber>
<Frame00008Target00000>
  <Type>"警1-Y型交叉"</Type>
  <Position>
    1014 281 77 66</Position></Frame00008Target00000>
<Frame00009TargetNumber>1</Frame00009TargetNumber>
<Frame00009Target00000>
  <Type>"警1-Y型交叉"</Type>
  <Position>
    1024 280 79 67</Position></Frame00009Target00000>
<Frame00010TargetNumber>1</Frame00010TargetNumber>
<Frame00010Target00000>
  <Type>"警1-Y型交叉"</Type>
  <Position>
    1034 279 82 70</Position></Frame00010Target00000>
<Frame00011TargetNumber>1</Frame00011TargetNumber>
<Frame00011Target00000>
  <Type>"警1-Y型交叉"</Type>
  <Position>
    1050 281 81 70</Position></Frame00011Target00000>
<Frame00012TargetNumber>1</Frame00012TargetNumber>
<Frame00012Target00000>
  <Type>"警1-Y型交叉"</Type>
  <Position>
    1063 272 90 76</Position></Frame00012Target00000>
<Frame00013TargetNumber>1</Frame00013TargetNumber>
<Frame00013Target00000>
  <Type>"警1-Y型交叉"</Type>
  <Position>
    1079 268 90 81</Position></Frame00013Target00000>
<Frame00014TargetNumber>1</Frame00014TargetNumber>
<Frame00014Target00000>
  <Type>"警1-Y型交叉"</Type>
  <Position>
    1100 269 89 83</Position></Frame00014Target00000>
<Frame00015TargetNumber>1</Frame00015TargetNumber>
<Frame00015Target00000>
  <Type>"警1-Y型交叉"</Type>
  <Position>
    1116 268 106 89</Position></Frame00015Target00000>
<Frame00016TargetNumber>1</Frame00016TargetNumber>
<Frame00016Target00000>
  <Type>"警1-Y型交叉"</Type>
  <Position>
    1133 264 114 93</Position></Frame00016Target00000>
<Frame00017TargetNumber>1</Frame00017TargetNumber>
<Frame00017Target00000>
  <Type>"警1-Y型交叉"</Type>
  <Position>
    1152 256 129 101</Position></Frame00017Target00000>
</opencv_storage>
