<?xml version="1.0"?>
<opencv_storage>
<FrameNumber>18</FrameNumber>
<Frame00000TargetNumber>1</Frame00000TargetNumber>
<Frame00000Target00000>
  <Type>"警38-施工"</Type>
  <Position>
    927 210 49 41</Position></Frame00000Target00000>
<Frame00001TargetNumber>1</Frame00001TargetNumber>
<Frame00001Target00000>
  <Type>"警38-施工"</Type>
  <Position>
    935 204 48 44</Position></Frame00001Target00000>
<Frame00002TargetNumber>1</Frame00002TargetNumber>
<Frame00002Target00000>
  <Type>"警38-施工"</Type>
  <Position>
    939 196 51 44</Position></Frame00002Target00000>
<Frame00003TargetNumber>1</Frame00003TargetNumber>
<Frame00003Target00000>
  <Type>"警38-施工"</Type>
  <Position>
    944 189 53 48</Position></Frame00003Target00000>
<Frame00004TargetNumber>1</Frame00004TargetNumber>
<Frame00004Target00000>
  <Type>"警38-施工"</Type>
  <Position>
    952 187 53 47</Position></Frame00004Target00000>
<Frame00005TargetNumber>1</Frame00005TargetNumber>
<Frame00005Target00000>
  <Type>"警38-施工"</Type>
  <Position>
    958 182 55 47</Position></Frame00005Target00000>
<Frame00006TargetNumber>1</Frame00006TargetNumber>
<Frame00006Target00000>
  <Type>"警38-施工"</Type>
  <Position>
    966 172 53 49</Position></Frame00006Target00000>
<Frame00007TargetNumber>1</Frame00007TargetNumber>
<Frame00007Target00000>
  <Type>"警38-施工"</Type>
  <Position>
    975 162 57 51</Position></Frame00007Target00000>
<Frame00008TargetNumber>1</Frame00008TargetNumber>
<Frame00008Target00000>
  <Type>"警38-施工"</Type>
  <Position>
    983 153 61 55</Position></Frame00008Target00000>
<Frame00009TargetNumber>1</Frame00009TargetNumber>
<Frame00009Target00000>
  <Type>"警38-施工"</Type>
  <Position>
    990 148 66 58</Position></Frame00009Target00000>
<Frame00010TargetNumber>1</Frame00010TargetNumber>
<Frame00010Target00000>
  <Type>"警38-施工"</Type>
  <Position>
    1002 143 67 59</Position></Frame00010Target00000>
<Frame00011TargetNumber>1</Frame00011TargetNumber>
<Frame00011Target00000>
  <Type>"警38-施工"</Type>
  <Position>
    1012 136 75 62</Position></Frame00011Target00000>
<Frame00012TargetNumber>1</Frame00012TargetNumber>
<Frame00012Target00000>
  <Type>"警38-施工"</Type>
  <Position>
    1025 130 80 65</Position></Frame00012Target00000>
<Frame00013TargetNumber>1</Frame00013TargetNumber>
<Frame00013Target00000>
  <Type>"警38-施工"</Type>
  <Position>
    1039 118 84 69</Position></Frame00013Target00000>
<Frame00014TargetNumber>1</Frame00014TargetNumber>
<Frame00014Target00000>
  <Type>"警38-施工"</Type>
  <Position>
    1056 99 89 73</Position></Frame00014Target00000>
<Frame00015TargetNumber>1</Frame00015TargetNumber>
<Frame00015Target00000>
  <Type>"警38-施工"</Type>
  <Position>
    1070 82 95 77</Position></Frame00015Target00000>
<Frame00016TargetNumber>1</Frame00016TargetNumber>
<Frame00016Target00000>
  <Type>"警38-施工"</Type>
  <Position>
    1092 61 97 84</Position></Frame00016Target00000>
<Frame00017TargetNumber>1</Frame00017TargetNumber>
<Frame00017Target00000>
  <Type>"警38-施工"</Type>
  <Position>
    1116 41 104 92</Position></Frame00017Target00000>
</opencv_storage>
