<?xml version="1.0"?>
<opencv_storage>
<FrameNumber>16</FrameNumber>
<Frame00000TargetNumber>2</Frame00000TargetNumber>
<Frame00000Target00000>
  <Type>"示29-机动车行驶"</Type>
  <Position>
    908 312 30 32</Position></Frame00000Target00000>
<Frame00000Target00001>
  <Type>"示31-非机动车行驶"</Type>
  <Position>
    910 345 27 30</Position></Frame00000Target00001>
<Frame00001TargetNumber>2</Frame00001TargetNumber>
<Frame00001Target00000>
  <Type>"示31-非机动车行驶"</Type>
  <Position>
    913 341 30 30</Position></Frame00001Target00000>
<Frame00001Target00001>
  <Type>"示29-机动车行驶"</Type>
  <Position>
    913 308 28 30</Position></Frame00001Target00001>
<Frame00002TargetNumber>2</Frame00002TargetNumber>
<Frame00002Target00000>
  <Type>"示29-机动车行驶"</Type>
  <Position>
    913 302 29 33</Position></Frame00002Target00000>
<Frame00002Target00001>
  <Type>"示31-非机动车行驶"</Type>
  <Position>
    914 337 28 29</Position></Frame00002Target00001>
<Frame00003TargetNumber>2</Frame00003TargetNumber>
<Frame00003Target00000>
  <Type>"示29-机动车行驶"</Type>
  <Position>
    914 292 36 31</Position></Frame00003Target00000>
<Frame00003Target00001>
  <Type>"示31-非机动车行驶"</Type>
  <Position>
    916 326 31 34</Position></Frame00003Target00001>
<Frame00004TargetNumber>2</Frame00004TargetNumber>
<Frame00004Target00000>
  <Type>"示31-非机动车行驶"</Type>
  <Position>
    917 323 34 34</Position></Frame00004Target00000>
<Frame00004Target00001>
  <Type>"示29-机动车行驶"</Type>
  <Position>
    917 289 33 33</Position></Frame00004Target00001>
<Frame00005TargetNumber>2</Frame00005TargetNumber>
<Frame00005Target00000>
  <Type>"示29-机动车行驶"</Type>
  <Position>
    920 290 35 33</Position></Frame00005Target00000>
<Frame00005Target00001>
  <Type>"示31-非机动车行驶"</Type>
  <Position>
    920 327 32 32</Position></Frame00005Target00001>
<Frame00006TargetNumber>2</Frame00006TargetNumber>
<Frame00006Target00000>
  <Type>"示31-非机动车行驶"</Type>
  <Position>
    923 326 31 31</Position></Frame00006Target00000>
<Frame00006Target00001>
  <Type>"示29-机动车行驶"</Type>
  <Position>
    921 284 36 37</Position></Frame00006Target00001>
<Frame00007TargetNumber>2</Frame00007TargetNumber>
<Frame00007Target00000>
  <Type>"示29-机动车行驶"</Type>
  <Position>
    927 271 35 40</Position></Frame00007Target00000>
<Frame00007Target00001>
  <Type>"示31-非机动车行驶"</Type>
  <Position>
    927 314 38 35</Position></Frame00007Target00001>
<Frame00008TargetNumber>2</Frame00008TargetNumber>
<Frame00008Target00000>
  <Type>"示31-非机动车行驶"</Type>
  <Position>
    930 305 36 36</Position></Frame00008Target00000>
<Frame00008Target00001>
  <Type>"示29-机动车行驶"</Type>
  <Position>
    930 260 38 41</Position></Frame00008Target00001>
<Frame00009TargetNumber>2</Frame00009TargetNumber>
<Frame00009Target00000>
  <Type>"示29-机动车行驶"</Type>
  <Position>
    935 255 37 40</Position></Frame00009Target00000>
<Frame00009Target00001>
  <Type>"示31-非机动车行驶"</Type>
  <Position>
    934 300 39 34</Position></Frame00009Target00001>
<Frame00010TargetNumber>2</Frame00010TargetNumber>
<Frame00010Target00000>
  <Type>"示31-非机动车行驶"</Type>
  <Position>
    938 286 39 44</Position></Frame00010Target00000>
<Frame00010Target00001>
  <Type>"示29-机动车行驶"</Type>
  <Position>
    937 243 39 39</Position></Frame00010Target00001>
<Frame00011TargetNumber>2</Frame00011TargetNumber>
<Frame00011Target00000>
  <Type>"示29-机动车行驶"</Type>
  <Position>
    944 239 43 43</Position></Frame00011Target00000>
<Frame00011Target00001>
  <Type>"示31-非机动车行驶"</Type>
  <Position>
    945 288 41 42</Position></Frame00011Target00001>
<Frame00012TargetNumber>2</Frame00012TargetNumber>
<Frame00012Target00000>
  <Type>"示31-非机动车行驶"</Type>
  <Position>
    953 288 43 44</Position></Frame00012Target00000>
<Frame00012Target00001>
  <Type>"示29-机动车行驶"</Type>
  <Position>
    952 237 44 47</Position></Frame00012Target00001>
<Frame00013TargetNumber>2</Frame00013TargetNumber>
<Frame00013Target00000>
  <Type>"示29-机动车行驶"</Type>
  <Position>
    960 239 46 44</Position></Frame00013Target00000>
<Frame00013Target00001>
  <Type>"示31-非机动车行驶"</Type>
  <Position>
    962 289 45 42</Position></Frame00013Target00001>
<Frame00014TargetNumber>2</Frame00014TargetNumber>
<Frame00014Target00000>
  <Type>"示31-非机动车行驶"</Type>
  <Position>
    971 282 47 46</Position></Frame00014Target00000>
<Frame00014Target00001>
  <Type>"示29-机动车行驶"</Type>
  <Position>
    970 229 46 44</Position></Frame00014Target00001>
<Frame00015TargetNumber>2</Frame00015TargetNumber>
<Frame00015Target00000>
  <Type>"示29-机动车行驶"</Type>
  <Position>
    980 215 50 49</Position></Frame00015Target00000>
<Frame00015Target00001>
  <Type>"示31-非机动车行驶"</Type>
  <Position>
    980 269 49 47</Position></Frame00015Target00001>
</opencv_storage>
