<?xml version="1.0"?>
<opencv_storage>
<FrameNumber>34</FrameNumber>
<Frame00000TargetNumber>1</Frame00000TargetNumber>
<Frame00000Target00000>
  <Type>"禁35-限制高度"</Type>
  <Position>
    630 311 25 22</Position></Frame00000Target00000>
<Frame00001TargetNumber>1</Frame00001TargetNumber>
<Frame00001Target00000>
  <Type>"禁35-限制高度"</Type>
  <Position>
    631 306 25 25</Position></Frame00001Target00000>
<Frame00002TargetNumber>1</Frame00002TargetNumber>
<Frame00002Target00000>
  <Type>"禁35-限制高度"</Type>
  <Position>
    632 306 25 26</Position></Frame00002Target00000>
<Frame00003TargetNumber>1</Frame00003TargetNumber>
<Frame00003Target00000>
  <Type>"禁35-限制高度"</Type>
  <Position>
    631 305 25 25</Position></Frame00003Target00000>
<Frame00004TargetNumber>1</Frame00004TargetNumber>
<Frame00004Target00000>
  <Type>"禁35-限制高度"</Type>
  <Position>
    630 303 27 24</Position></Frame00004Target00000>
<Frame00005TargetNumber>1</Frame00005TargetNumber>
<Frame00005Target00000>
  <Type>"禁35-限制高度"</Type>
  <Position>
    628 293 29 29</Position></Frame00005Target00000>
<Frame00006TargetNumber>1</Frame00006TargetNumber>
<Frame00006Target00000>
  <Type>"禁35-限制高度"</Type>
  <Position>
    629 296 27 30</Position></Frame00006Target00000>
<Frame00007TargetNumber>1</Frame00007TargetNumber>
<Frame00007Target00000>
  <Type>"禁35-限制高度"</Type>
  <Position>
    629 290 29 29</Position></Frame00007Target00000>
<Frame00008TargetNumber>1</Frame00008TargetNumber>
<Frame00008Target00000>
  <Type>"禁35-限制高度"</Type>
  <Position>
    628 281 30 29</Position></Frame00008Target00000>
<Frame00009TargetNumber>1</Frame00009TargetNumber>
<Frame00009Target00000>
  <Type>"禁35-限制高度"</Type>
  <Position>
    625 282 32 33</Position></Frame00009Target00000>
<Frame00010TargetNumber>1</Frame00010TargetNumber>
<Frame00010Target00000>
  <Type>"禁35-限制高度"</Type>
  <Position>
    626 288 32 28</Position></Frame00010Target00000>
<Frame00011TargetNumber>1</Frame00011TargetNumber>
<Frame00011Target00000>
  <Type>"禁35-限制高度"</Type>
  <Position>
    626 276 36 32</Position></Frame00011Target00000>
<Frame00012TargetNumber>1</Frame00012TargetNumber>
<Frame00012Target00000>
  <Type>"禁35-限制高度"</Type>
  <Position>
    629 270 33 31</Position></Frame00012Target00000>
<Frame00013TargetNumber>1</Frame00013TargetNumber>
<Frame00013Target00000>
  <Type>"禁35-限制高度"</Type>
  <Position>
    630 265 34 34</Position></Frame00013Target00000>
<Frame00014TargetNumber>1</Frame00014TargetNumber>
<Frame00014Target00000>
  <Type>"禁35-限制高度"</Type>
  <Position>
    632 260 35 33</Position></Frame00014Target00000>
<Frame00015TargetNumber>1</Frame00015TargetNumber>
<Frame00015Target00000>
  <Type>"禁35-限制高度"</Type>
  <Position>
    632 260 36 33</Position></Frame00015Target00000>
<Frame00016TargetNumber>1</Frame00016TargetNumber>
<Frame00016Target00000>
  <Type>"禁35-限制高度"</Type>
  <Position>
    638 251 39 34</Position></Frame00016Target00000>
<Frame00017TargetNumber>1</Frame00017TargetNumber>
<Frame00017Target00000>
  <Type>"禁35-限制高度"</Type>
  <Position>
    643 245 36 35</Position></Frame00017Target00000>
<Frame00018TargetNumber>1</Frame00018TargetNumber>
<Frame00018Target00000>
  <Type>"禁34-限制宽度"</Type>
  <Position>
    646 232 39 36</Position></Frame00018Target00000>
<Frame00019TargetNumber>1</Frame00019TargetNumber>
<Frame00019Target00000>
  <Type>"禁34-限制宽度"</Type>
  <Position>
    647 221 43 41</Position></Frame00019Target00000>
<Frame00020TargetNumber>1</Frame00020TargetNumber>
<Frame00020Target00000>
  <Type>"禁34-限制宽度"</Type>
  <Position>
    657 224 38 40</Position></Frame00020Target00000>
<Frame00021TargetNumber>1</Frame00021TargetNumber>
<Frame00021Target00000>
  <Type>"禁34-限制宽度"</Type>
  <Position>
    660 225 45 41</Position></Frame00021Target00000>
<Frame00022TargetNumber>1</Frame00022TargetNumber>
<Frame00022Target00000>
  <Type>"禁34-限制宽度"</Type>
  <Position>
    665 219 45 43</Position></Frame00022Target00000>
<Frame00023TargetNumber>1</Frame00023TargetNumber>
<Frame00023Target00000>
  <Type>"禁34-限制宽度"</Type>
  <Position>
    666 215 52 46</Position></Frame00023Target00000>
<Frame00024TargetNumber>1</Frame00024TargetNumber>
<Frame00024Target00000>
  <Type>"禁34-限制宽度"</Type>
  <Position>
    674 207 50 48</Position></Frame00024Target00000>
<Frame00025TargetNumber>1</Frame00025TargetNumber>
<Frame00025Target00000>
  <Type>"禁34-限制宽度"</Type>
  <Position>
    682 180 47 51</Position></Frame00025Target00000>
<Frame00026TargetNumber>1</Frame00026TargetNumber>
<Frame00026Target00000>
  <Type>"禁34-限制宽度"</Type>
  <Position>
    683 174 55 55</Position></Frame00026Target00000>
<Frame00027TargetNumber>1</Frame00027TargetNumber>
<Frame00027Target00000>
  <Type>"禁34-限制宽度"</Type>
  <Position>
    685 175 57 58</Position></Frame00027Target00000>
<Frame00028TargetNumber>1</Frame00028TargetNumber>
<Frame00028Target00000>
  <Type>"禁34-限制宽度"</Type>
  <Position>
    690 176 62 60</Position></Frame00028Target00000>
<Frame00029TargetNumber>1</Frame00029TargetNumber>
<Frame00029Target00000>
  <Type>"禁34-限制宽度"</Type>
  <Position>
    694 148 66 65</Position></Frame00029Target00000>
<Frame00030TargetNumber>1</Frame00030TargetNumber>
<Frame00030Target00000>
  <Type>"禁34-限制宽度"</Type>
  <Position>
    696 123 72 68</Position></Frame00030Target00000>
<Frame00031TargetNumber>1</Frame00031TargetNumber>
<Frame00031Target00000>
  <Type>"禁35-限制高度"</Type>
  <Position>
    700 106 71 67</Position></Frame00031Target00000>
<Frame00032TargetNumber>1</Frame00032TargetNumber>
<Frame00032Target00000>
  <Type>"禁35-限制高度"</Type>
  <Position>
    705 92 73 69</Position></Frame00032Target00000>
<Frame00033TargetNumber>1</Frame00033TargetNumber>
<Frame00033Target00000>
  <Type>"禁35-限制高度"</Type>
  <Position>
    702 67 86 76</Position></Frame00033Target00000>
</opencv_storage>
