<?xml version="1.0"?>
<opencv_storage>
<FrameNumber>110</FrameNumber>
<Frame00000TargetNumber>1</Frame00000TargetNumber>
<Frame00000Target00000>
  <Type>"警1-十字交叉"</Type>
  <Position>
    751 302 19 18</Position></Frame00000Target00000>
<Frame00001TargetNumber>1</Frame00001TargetNumber>
<Frame00001Target00000>
  <Type>"警1-十字交叉"</Type>
  <Position>
    753 304 14 15</Position></Frame00001Target00000>
<Frame00002TargetNumber>1</Frame00002TargetNumber>
<Frame00002Target00000>
  <Type>"警1-十字交叉"</Type>
  <Position>
    754 302 17 17</Position></Frame00002Target00000>
<Frame00003TargetNumber>1</Frame00003TargetNumber>
<Frame00003Target00000>
  <Type>"警1-十字交叉"</Type>
  <Position>
    756 302 17 21</Position></Frame00003Target00000>
<Frame00004TargetNumber>1</Frame00004TargetNumber>
<Frame00004Target00000>
  <Type>"警1-十字交叉"</Type>
  <Position>
    759 303 12 15</Position></Frame00004Target00000>
<Frame00005TargetNumber>1</Frame00005TargetNumber>
<Frame00005Target00000>
  <Type>"警1-十字交叉"</Type>
  <Position>
    757 305 19 14</Position></Frame00005Target00000>
<Frame00006TargetNumber>1</Frame00006TargetNumber>
<Frame00006Target00000>
  <Type>"警1-十字交叉"</Type>
  <Position>
    761 300 15 19</Position></Frame00006Target00000>
<Frame00007TargetNumber>1</Frame00007TargetNumber>
<Frame00007Target00000>
  <Type>"警1-十字交叉"</Type>
  <Position>
    761 303 17 15</Position></Frame00007Target00000>
<Frame00008TargetNumber>1</Frame00008TargetNumber>
<Frame00008Target00000>
  <Type>"警1-十字交叉"</Type>
  <Position>
    763 301 16 21</Position></Frame00008Target00000>
<Frame00009TargetNumber>1</Frame00009TargetNumber>
<Frame00009Target00000>
  <Type>"警1-十字交叉"</Type>
  <Position>
    763 302 18 19</Position></Frame00009Target00000>
<Frame00010TargetNumber>1</Frame00010TargetNumber>
<Frame00010Target00000>
  <Type>"警1-十字交叉"</Type>
  <Position>
    763 300 22 22</Position></Frame00010Target00000>
<Frame00011TargetNumber>1</Frame00011TargetNumber>
<Frame00011Target00000>
  <Type>"警1-十字交叉"</Type>
  <Position>
    766 300 22 21</Position></Frame00011Target00000>
<Frame00012TargetNumber>1</Frame00012TargetNumber>
<Frame00012Target00000>
  <Type>"警1-十字交叉"</Type>
  <Position>
    766 298 20 24</Position></Frame00012Target00000>
<Frame00013TargetNumber>1</Frame00013TargetNumber>
<Frame00013Target00000>
  <Type>"警1-十字交叉"</Type>
  <Position>
    770 301 17 18</Position></Frame00013Target00000>
<Frame00014TargetNumber>1</Frame00014TargetNumber>
<Frame00014Target00000>
  <Type>"警1-十字交叉"</Type>
  <Position>
    767 298 23 22</Position></Frame00014Target00000>
<Frame00015TargetNumber>1</Frame00015TargetNumber>
<Frame00015Target00000>
  <Type>"警1-十字交叉"</Type>
  <Position>
    771 298 22 22</Position></Frame00015Target00000>
<Frame00016TargetNumber>1</Frame00016TargetNumber>
<Frame00016Target00000>
  <Type>"警1-十字交叉"</Type>
  <Position>
    773 299 17 19</Position></Frame00016Target00000>
<Frame00017TargetNumber>1</Frame00017TargetNumber>
<Frame00017Target00000>
  <Type>"警1-十字交叉"</Type>
  <Position>
    772 299 22 21</Position></Frame00017Target00000>
<Frame00018TargetNumber>1</Frame00018TargetNumber>
<Frame00018Target00000>
  <Type>"警1-十字交叉"</Type>
  <Position>
    774 299 22 21</Position></Frame00018Target00000>
<Frame00019TargetNumber>1</Frame00019TargetNumber>
<Frame00019Target00000>
  <Type>"警1-十字交叉"</Type>
  <Position>
    777 298 19 19</Position></Frame00019Target00000>
<Frame00020TargetNumber>1</Frame00020TargetNumber>
<Frame00020Target00000>
  <Type>"警1-十字交叉"</Type>
  <Position>
    778 296 20 21</Position></Frame00020Target00000>
<Frame00021TargetNumber>1</Frame00021TargetNumber>
<Frame00021Target00000>
  <Type>"警1-十字交叉"</Type>
  <Position>
    780 296 21 22</Position></Frame00021Target00000>
<Frame00022TargetNumber>1</Frame00022TargetNumber>
<Frame00022Target00000>
  <Type>"警1-十字交叉"</Type>
  <Position>
    782 297 21 24</Position></Frame00022Target00000>
<Frame00023TargetNumber>1</Frame00023TargetNumber>
<Frame00023Target00000>
  <Type>"警1-十字交叉"</Type>
  <Position>
    780 296 25 23</Position></Frame00023Target00000>
<Frame00024TargetNumber>1</Frame00024TargetNumber>
<Frame00024Target00000>
  <Type>"警1-十字交叉"</Type>
  <Position>
    785 301 21 21</Position></Frame00024Target00000>
<Frame00025TargetNumber>1</Frame00025TargetNumber>
<Frame00025Target00000>
  <Type>"警1-十字交叉"</Type>
  <Position>
    785 300 23 20</Position></Frame00025Target00000>
<Frame00026TargetNumber>1</Frame00026TargetNumber>
<Frame00026Target00000>
  <Type>"警1-十字交叉"</Type>
  <Position>
    788 296 21 22</Position></Frame00026Target00000>
<Frame00027TargetNumber>1</Frame00027TargetNumber>
<Frame00027Target00000>
  <Type>"警1-十字交叉"</Type>
  <Position>
    788 298 24 21</Position></Frame00027Target00000>
<Frame00028TargetNumber>1</Frame00028TargetNumber>
<Frame00028Target00000>
  <Type>"警1-十字交叉"</Type>
  <Position>
    791 297 22 22</Position></Frame00028Target00000>
<Frame00029TargetNumber>1</Frame00029TargetNumber>
<Frame00029Target00000>
  <Type>"警1-十字交叉"</Type>
  <Position>
    791 298 24 22</Position></Frame00029Target00000>
<Frame00030TargetNumber>1</Frame00030TargetNumber>
<Frame00030Target00000>
  <Type>"警1-十字交叉"</Type>
  <Position>
    793 304 22 20</Position></Frame00030Target00000>
<Frame00031TargetNumber>1</Frame00031TargetNumber>
<Frame00031Target00000>
  <Type>"警1-十字交叉"</Type>
  <Position>
    795 299 24 23</Position></Frame00031Target00000>
<Frame00032TargetNumber>1</Frame00032TargetNumber>
<Frame00032Target00000>
  <Type>"警1-十字交叉"</Type>
  <Position>
    797 299 23 21</Position></Frame00032Target00000>
<Frame00033TargetNumber>1</Frame00033TargetNumber>
<Frame00033Target00000>
  <Type>"警1-十字交叉"</Type>
  <Position>
    799 302 23 21</Position></Frame00033Target00000>
<Frame00034TargetNumber>1</Frame00034TargetNumber>
<Frame00034Target00000>
  <Type>"警1-十字交叉"</Type>
  <Position>
    799 299 25 24</Position></Frame00034Target00000>
<Frame00035TargetNumber>1</Frame00035TargetNumber>
<Frame00035Target00000>
  <Type>"警1-十字交叉"</Type>
  <Position>
    805 299 19 22</Position></Frame00035Target00000>
<Frame00036TargetNumber>1</Frame00036TargetNumber>
<Frame00036Target00000>
  <Type>"警1-十字交叉"</Type>
  <Position>
    804 298 23 23</Position></Frame00036Target00000>
<Frame00037TargetNumber>1</Frame00037TargetNumber>
<Frame00037Target00000>
  <Type>"警1-十字交叉"</Type>
  <Position>
    804 297 26 23</Position></Frame00037Target00000>
<Frame00038TargetNumber>1</Frame00038TargetNumber>
<Frame00038Target00000>
  <Type>"警1-十字交叉"</Type>
  <Position>
    808 296 23 23</Position></Frame00038Target00000>
<Frame00039TargetNumber>1</Frame00039TargetNumber>
<Frame00039Target00000>
  <Type>"警1-十字交叉"</Type>
  <Position>
    807 297 26 21</Position></Frame00039Target00000>
<Frame00040TargetNumber>1</Frame00040TargetNumber>
<Frame00040Target00000>
  <Type>"警1-十字交叉"</Type>
  <Position>
    807 296 28 23</Position></Frame00040Target00000>
<Frame00041TargetNumber>1</Frame00041TargetNumber>
<Frame00041Target00000>
  <Type>"警1-十字交叉"</Type>
  <Position>
    809 296 24 22</Position></Frame00041Target00000>
<Frame00042TargetNumber>1</Frame00042TargetNumber>
<Frame00042Target00000>
  <Type>"警1-十字交叉"</Type>
  <Position>
    811 297 25 22</Position></Frame00042Target00000>
<Frame00043TargetNumber>1</Frame00043TargetNumber>
<Frame00043Target00000>
  <Type>"警1-十字交叉"</Type>
  <Position>
    810 296 29 21</Position></Frame00043Target00000>
<Frame00044TargetNumber>1</Frame00044TargetNumber>
<Frame00044Target00000>
  <Type>"警1-十字交叉"</Type>
  <Position>
    813 296 25 22</Position></Frame00044Target00000>
<Frame00045TargetNumber>1</Frame00045TargetNumber>
<Frame00045Target00000>
  <Type>"警1-十字交叉"</Type>
  <Position>
    813 296 29 23</Position></Frame00045Target00000>
<Frame00046TargetNumber>1</Frame00046TargetNumber>
