<?xml version="1.0"?>
<opencv_storage>
<FrameNumber>11</FrameNumber>
<Frame00000TargetNumber>1</Frame00000TargetNumber>
<Frame00000Target00000>
  <Type>"警38-施工"</Type>
  <Position>
    446 371 36 37</Position></Frame00000Target00000>
<Frame00001TargetNumber>1</Frame00001TargetNumber>
<Frame00001Target00000>
  <Type>"警38-施工"</Type>
  <Position>
    430 377 37 39</Position></Frame00001Target00000>
<Frame00002TargetNumber>1</Frame00002TargetNumber>
<Frame00002Target00000>
  <Type>"警38-施工"</Type>
  <Position>
    409 382 38 40</Position></Frame00002Target00000>
<Frame00003TargetNumber>1</Frame00003TargetNumber>
<Frame00003Target00000>
  <Type>"警38-施工"</Type>
  <Position>
    386 385 41 41</Position></Frame00003Target00000>
<Frame00004TargetNumber>1</Frame00004TargetNumber>
<Frame00004Target00000>
  <Type>"警38-施工"</Type>
  <Position>
    358 384 45 40</Position></Frame00004Target00000>
<Frame00005TargetNumber>1</Frame00005TargetNumber>
<Frame00005Target00000>
  <Type>"警38-施工"</Type>
  <Position>
    327 383 46 42</Position></Frame00005Target00000>
<Frame00006TargetNumber>1</Frame00006TargetNumber>
<Frame00006Target00000>
  <Type>"警38-施工"</Type>
  <Position>
    292 382 48 51</Position></Frame00006Target00000>
<Frame00007TargetNumber>1</Frame00007TargetNumber>
<Frame00007Target00000>
  <Type>"警38-施工"</Type>
  <Position>
    249 387 56 51</Position></Frame00007Target00000>
<Frame00008TargetNumber>1</Frame00008TargetNumber>
<Frame00008Target00000>
  <Type>"警38-施工"</Type>
  <Position>
    203 390 58 52</Position></Frame00008Target00000>
<Frame00009TargetNumber>1</Frame00009TargetNumber>
<Frame00009Target00000>
  <Type>"警38-施工"</Type>
  <Position>
    142 394 66 62</Position></Frame00009Target00000>
<Frame00010TargetNumber>1</Frame00010TargetNumber>
<Frame00010Target00000>
  <Type>"警38-施工"</Type>
  <Position>
    76 401 68 65</Position></Frame00010Target00000>
</opencv_storage>
