<?xml version="1.0"?>
<opencv_storage>
<FrameNumber>13</FrameNumber>
<Frame00000TargetNumber>1</Frame00000TargetNumber>
<Frame00000Target00000>
  <Type>"禁38-限制速度"</Type>
  <Position>
    576 353 44 40</Position></Frame00000Target00000>
<Frame00001TargetNumber>1</Frame00001TargetNumber>
<Frame00001Target00000>
  <Type>"禁38-限制速度"</Type>
  <Position>
    561 350 42 44</Position></Frame00001Target00000>
<Frame00002TargetNumber>1</Frame00002TargetNumber>
<Frame00002Target00000>
  <Type>"禁38-限制速度"</Type>
  <Position>
    541 349 49 46</Position></Frame00002Target00000>
<Frame00003TargetNumber>2</Frame00003TargetNumber>
<Frame00003Target00000>
  <Type>"禁38-限制速度"</Type>
  <Position>
    519 353 53 48</Position></Frame00003Target00000>
<Frame00003Target00001>
  <Type>"警38-施工"</Type>
  <Position>
    749 359 11 14</Position></Frame00003Target00001>
<Frame00004TargetNumber>2</Frame00004TargetNumber>
<Frame00004Target00000>
  <Type>"警38-施工"</Type>
  <Position>
    746 361 12 10</Position></Frame00004Target00000>
<Frame00004Target00001>
  <Type>"禁38-限制速度"</Type>
  <Position>
    498 352 51 54</Position></Frame00004Target00001>
<Frame00005TargetNumber>2</Frame00005TargetNumber>
<Frame00005Target00000>
  <Type>"禁38-限制速度"</Type>
  <Position>
    471 352 57 56</Position></Frame00005Target00000>
<Frame00005Target00001>
  <Type>"警38-施工"</Type>
  <Position>
    741 359 12 15</Position></Frame00005Target00001>
<Frame00006TargetNumber>2</Frame00006TargetNumber>
<Frame00006Target00000>
  <Type>"警38-施工"</Type>
  <Position>
    737 358 15 13</Position></Frame00006Target00000>
<Frame00006Target00001>
  <Type>"禁38-限制速度"</Type>
  <Position>
    438 353 62 62</Position></Frame00006Target00001>
<Frame00007TargetNumber>2</Frame00007TargetNumber>
<Frame00007Target00000>
  <Type>"禁38-限制速度"</Type>
  <Position>
    400 357 71 66</Position></Frame00007Target00000>
<Frame00007Target00001>
  <Type>"警38-施工"</Type>
  <Position>
    732 363 15 16</Position></Frame00007Target00001>
<Frame00008TargetNumber>2</Frame00008TargetNumber>
<Frame00008Target00000>
  <Type>"警38-施工"</Type>
  <Position>
    729 359 13 17</Position></Frame00008Target00000>
<Frame00008Target00001>
  <Type>"禁38-限制速度"</Type>
  <Position>
    359 353 74 76</Position></Frame00008Target00001>
<Frame00009TargetNumber>2</Frame00009TargetNumber>
<Frame00009Target00000>
  <Type>"禁38-限制速度"</Type>
  <Position>
    306 353 86 81</Position></Frame00009Target00000>
<Frame00009Target00001>
  <Type>"警38-施工"</Type>
  <Position>
    725 360 14 14</Position></Frame00009Target00001>
<Frame00010TargetNumber>2</Frame00010TargetNumber>
<Frame00010Target00000>
  <Type>"警38-施工"</Type>
  <Position>
    720 360 16 14</Position></Frame00010Target00000>
<Frame00010Target00001>
  <Type>"禁38-限制速度"</Type>
  <Position>
    238 353 97 91</Position></Frame00010Target00001>
<Frame00011TargetNumber>2</Frame00011TargetNumber>
<Frame00011Target00000>
  <Type>"禁38-限制速度"</Type>
  <Position>
    159 353 109 104</Position></Frame00011Target00000>
<Frame00011Target00001>
  <Type>"警38-施工"</Type>
  <Position>
    715 361 16 14</Position></Frame00011Target00001>
<Frame00012TargetNumber>2</Frame00012TargetNumber>
<Frame00012Target00000>
  <Type>"警38-施工"</Type>
  <Position>
    710 358 15 18</Position></Frame00012Target00000>
<Frame00012Target00001>
  <Type>"禁38-限制速度"</Type>
  <Position>
    53 356 130 124</Position></Frame00012Target00001>
</opencv_storage>
