<?xml version="1.0"?>
<opencv_storage>
<FrameNumber>12</FrameNumber>
<Frame00000TargetNumber>1</Frame00000TargetNumber>
<Frame00000Target00000>
  <Type>"禁28-禁止掉头"</Type>
  <Position>
    516 128 47 48</Position></Frame00000Target00000>
<Frame00001TargetNumber>1</Frame00001TargetNumber>
<Frame00001Target00000>
  <Type>"禁28-禁止掉头"</Type>
  <Position>
    510 122 47 47</Position></Frame00001Target00000>
<Frame00002TargetNumber>1</Frame00002TargetNumber>
<Frame00002Target00000>
  <Type>"禁28-禁止掉头"</Type>
  <Position>
    501 113 50 51</Position></Frame00002Target00000>
<Frame00003TargetNumber>1</Frame00003TargetNumber>
<Frame00003Target00000>
  <Type>"禁28-禁止掉头"</Type>
  <Position>
    490 106 52 51</Position></Frame00003Target00000>
<Frame00004TargetNumber>1</Frame00004TargetNumber>
<Frame00004Target00000>
  <Type>"禁28-禁止掉头"</Type>
  <Position>
    480 97 55 55</Position></Frame00004Target00000>
<Frame00005TargetNumber>1</Frame00005TargetNumber>
<Frame00005Target00000>
  <Type>"禁28-禁止掉头"</Type>
  <Position>
    470 89 57 53</Position></Frame00005Target00000>
<Frame00006TargetNumber>1</Frame00006TargetNumber>
<Frame00006Target00000>
  <Type>"禁28-禁止掉头"</Type>
  <Position>
    457 75 61 60</Position></Frame00006Target00000>
<Frame00007TargetNumber>1</Frame00007TargetNumber>
<Frame00007Target00000>
  <Type>"禁28-禁止掉头"</Type>
  <Position>
    443 65 65 61</Position></Frame00007Target00000>
<Frame00008TargetNumber>1</Frame00008TargetNumber>
<Frame00008Target00000>
  <Type>"禁28-禁止掉头"</Type>
  <Position>
    430 49 66 68</Position></Frame00008Target00000>
<Frame00009TargetNumber>1</Frame00009TargetNumber>
<Frame00009Target00000>
  <Type>"禁28-禁止掉头"</Type>
  <Position>
    413 34 70 71</Position></Frame00009Target00000>
<Frame00010TargetNumber>1</Frame00010TargetNumber>
<Frame00010Target00000>
  <Type>"禁28-禁止掉头"</Type>
  <Position>
    394 16 74 76</Position></Frame00010Target00000>
<Frame00011TargetNumber>1</Frame00011TargetNumber>
<Frame00011Target00000>
  <Type>"禁28-禁止掉头"</Type>
  <Position>
    375 0 76 77</Position></Frame00011Target00000>
</opencv_storage>
