<?xml version="1.0"?>
<opencv_storage>
<FrameNumber>12</FrameNumber>
<Frame00000TargetNumber>1</Frame00000TargetNumber>
<Frame00000Target00000>
  <Type>"警4-连续弯路"</Type>
  <Position>
    864 220 68 67</Position></Frame00000Target00000>
<Frame00001TargetNumber>1</Frame00001TargetNumber>
<Frame00001Target00000>
  <Type>"警4-连续弯路"</Type>
  <Position>
    862 218 75 71</Position></Frame00001Target00000>
<Frame00002TargetNumber>1</Frame00002TargetNumber>
<Frame00002Target00000>
  <Type>"警4-连续弯路"</Type>
  <Position>
    865 212 79 72</Position></Frame00002Target00000>
<Frame00003TargetNumber>1</Frame00003TargetNumber>
<Frame00003Target00000>
  <Type>"警4-连续弯路"</Type>
  <Position>
    867 191 78 76</Position></Frame00003Target00000>
<Frame00004TargetNumber>1</Frame00004TargetNumber>
<Frame00004Target00000>
  <Type>"警4-连续弯路"</Type>
  <Position>
    874 175 82 81</Position></Frame00004Target00000>
<Frame00005TargetNumber>1</Frame00005TargetNumber>
<Frame00005Target00000>
  <Type>"警4-连续弯路"</Type>
  <Position>
    873 163 93 84</Position></Frame00005Target00000>
<Frame00006TargetNumber>1</Frame00006TargetNumber>
<Frame00006Target00000>
  <Type>"警4-连续弯路"</Type>
  <Position>
    884 160 86 85</Position></Frame00006Target00000>
<Frame00007TargetNumber>1</Frame00007TargetNumber>
<Frame00007Target00000>
  <Type>"警4-连续弯路"</Type>
  <Position>
    895 154 90 91</Position></Frame00007Target00000>
<Frame00008TargetNumber>1</Frame00008TargetNumber>
<Frame00008Target00000>
  <Type>"警4-连续弯路"</Type>
  <Position>
    901 157 97 93</Position></Frame00008Target00000>
<Frame00009TargetNumber>1</Frame00009TargetNumber>
<Frame00009Target00000>
  <Type>"警4-连续弯路"</Type>
  <Position>
    910 147 106 99</Position></Frame00009Target00000>
<Frame00010TargetNumber>1</Frame00010TargetNumber>
<Frame00010Target00000>
  <Type>"警4-连续弯路"</Type>
  <Position>
    918 137 108 104</Position></Frame00010Target00000>
<Frame00011TargetNumber>1</Frame00011TargetNumber>
<Frame00011Target00000>
  <Type>"警4-连续弯路"</Type>
  <Position>
    932 118 111 111</Position></Frame00011Target00000>
</opencv_storage>
