<?xml version="1.0" encoding="UTF-8"?>
<opencv_storage>
<FrameNumber>12</FrameNumber>
<Frame00000TargetNumber>1</Frame00000TargetNumber>
<Frame00000Target00000>
  <Type>"警17-易滑"</Type>
  <Position>
    977 256 39 34</Position></Frame00000Target00000>
<Frame00001TargetNumber>1</Frame00001TargetNumber>
<Frame00001Target00000>
  <Type>"警17-易滑"</Type>
  <Position>
    991 249 37 36</Position></Frame00001Target00000>
<Frame00002TargetNumber>1</Frame00002TargetNumber>
<Frame00002Target00000>
  <Type>"警17-易滑"</Type>
  <Position>
    1002 246 42 35</Position></Frame00002Target00000>
<Frame00003TargetNumber>1</Frame00003TargetNumber>
<Frame00003Target00000>
  <Type>"警17-易滑"</Type>
  <Position>
    1014 241 47 39</Position></Frame00003Target00000>
<Frame00004TargetNumber>1</Frame00004TargetNumber>
<Frame00004Target00000>
  <Type>"警17-易滑"</Type>
  <Position>
    1033 240 44 38</Position></Frame00004Target00000>
<Frame00005TargetNumber>1</Frame00005TargetNumber>
<Frame00005Target00000>
  <Type>"警17-易滑"</Type>
  <Position>
    1049 235 45 40</Position></Frame00005Target00000>
<Frame00006TargetNumber>1</Frame00006TargetNumber>
<Frame00006Target00000>
  <Type>"警17-易滑"</Type>
  <Position>
    1068 226 49 43</Position></Frame00006Target00000>
<Frame00007TargetNumber>1</Frame00007TargetNumber>
<Frame00007Target00000>
  <Type>"警17-易滑"</Type>
  <Position>
    1089 217 50 45</Position></Frame00007Target00000>
<Frame00008TargetNumber>1</Frame00008TargetNumber>
<Frame00008Target00000>
  <Type>"警17-易滑"</Type>
  <Position>
    1112 210 54 50</Position></Frame00008Target00000>
<Frame00009TargetNumber>1</Frame00009TargetNumber>
<Frame00009Target00000>
  <Type>"警17-易滑"</Type>
  <Position>
    1137 204 58 50</Position></Frame00009Target00000>
<Frame00010TargetNumber>1</Frame00010TargetNumber>
<Frame00010Target00000>
  <Type>"警17-易滑"</Type>
  <Position>
    1168 195 60 53</Position></Frame00010Target00000>
<Frame00011TargetNumber>1</Frame00011TargetNumber>
<Frame00011Target00000>
  <Type>"警17-易滑"</Type>
  <Position>
    1200 181 64 55</Position></Frame00011Target00000>
</opencv_storage>
