<?xml version="1.0"?>
<opencv_storage>
<FrameNumber>17</FrameNumber>
<Frame00000TargetNumber>1</Frame00000TargetNumber>
<Frame00000Target00000>
  <Type>"示35-停车位"</Type>
  <Position>
    1070 348 41 38</Position></Frame00000Target00000>
<Frame00001TargetNumber>1</Frame00001TargetNumber>
<Frame00001Target00000>
  <Type>"示35-停车位"</Type>
  <Position>
    1080 347 42 38</Position></Frame00001Target00000>
<Frame00002TargetNumber>1</Frame00002TargetNumber>
<Frame00002Target00000>
  <Type>"示35-停车位"</Type>
  <Position>
    1089 346 44 37</Position></Frame00002Target00000>
<Frame00003TargetNumber>1</Frame00003TargetNumber>
<Frame00003Target00000>
  <Type>"示35-停车位"</Type>
  <Position>
    1096 344 43 38</Position></Frame00003Target00000>
<Frame00004TargetNumber>1</Frame00004TargetNumber>
<Frame00004Target00000>
  <Type>"示35-停车位"</Type>
  <Position>
    1105 341 43 36</Position></Frame00004Target00000>
<Frame00005TargetNumber>1</Frame00005TargetNumber>
<Frame00005Target00000>
  <Type>"示35-停车位"</Type>
  <Position>
    1113 339 46 37</Position></Frame00005Target00000>
<Frame00006TargetNumber>1</Frame00006TargetNumber>
<Frame00006Target00000>
  <Type>"示35-停车位"</Type>
  <Position>
    1122 337 44 41</Position></Frame00006Target00000>
<Frame00007TargetNumber>1</Frame00007TargetNumber>
<Frame00007Target00000>
  <Type>"示35-停车位"</Type>
  <Position>
    1129 342 48 41</Position></Frame00007Target00000>
<Frame00008TargetNumber>1</Frame00008TargetNumber>
<Frame00008Target00000>
  <Type>"示35-停车位"</Type>
  <Position>
    1137 342 48 42</Position></Frame00008Target00000>
<Frame00009TargetNumber>1</Frame00009TargetNumber>
<Frame00009Target00000>
  <Type>"示35-停车位"</Type>
  <Position>
    1144 343 49 41</Position></Frame00009Target00000>
<Frame00010TargetNumber>1</Frame00010TargetNumber>
<Frame00010Target00000>
  <Type>"示35-停车位"</Type>
  <Position>
    1154 345 51 40</Position></Frame00010Target00000>
<Frame00011TargetNumber>1</Frame00011TargetNumber>
<Frame00011Target00000>
  <Type>"示35-停车位"</Type>
  <Position>
    1162 341 50 43</Position></Frame00011Target00000>
<Frame00012TargetNumber>1</Frame00012TargetNumber>
<Frame00012Target00000>
  <Type>"示35-停车位"</Type>
  <Position>
    1171 335 53 48</Position></Frame00012Target00000>
<Frame00013TargetNumber>1</Frame00013TargetNumber>
<Frame00013Target00000>
  <Type>"示35-停车位"</Type>
  <Position>
    1182 335 52 46</Position></Frame00013Target00000>
<Frame00014TargetNumber>1</Frame00014TargetNumber>
<Frame00014Target00000>
  <Type>"示35-停车位"</Type>
  <Position>
    1193 331 51 49</Position></Frame00014Target00000>
<Frame00015TargetNumber>1</Frame00015TargetNumber>
<Frame00015Target00000>
  <Type>"示35-停车位"</Type>
  <Position>
    1198 332 60 47</Position></Frame00015Target00000>
<Frame00016TargetNumber>1</Frame00016TargetNumber>
<Frame00016Target00000>
  <Type>"示35-停车位"</Type>
  <Position>
    1212 334 53 44</Position></Frame00016Target00000>
</opencv_storage>
