<?xml version="1.0"?>
<opencv_storage>
<FrameNumber>33</FrameNumber>
<Frame00000TargetNumber>1</Frame00000TargetNumber>
<Frame00000Target00000>
  <Type>"禁39-解除限制速度"</Type>
  <Position>
    906 287 41 44</Position></Frame00000Target00000>
<Frame00001TargetNumber>1</Frame00001TargetNumber>
<Frame00001Target00000>
  <Type>"禁39-解除限制速度"</Type>
  <Position>
    908 287 43 43</Position></Frame00001Target00000>
<Frame00002TargetNumber>1</Frame00002TargetNumber>
<Frame00002Target00000>
  <Type>"禁39-解除限制速度"</Type>
  <Position>
    909 285 45 44</Position></Frame00002Target00000>
<Frame00003TargetNumber>1</Frame00003TargetNumber>
<Frame00003Target00000>
  <Type>"禁39-解除限制速度"</Type>
  <Position>
    913 285 43 44</Position></Frame00003Target00000>
<Frame00004TargetNumber>1</Frame00004TargetNumber>
<Frame00004Target00000>
  <Type>"禁39-解除限制速度"</Type>
  <Position>
    916 282 45 46</Position></Frame00004Target00000>
<Frame00005TargetNumber>1</Frame00005TargetNumber>
<Frame00005Target00000>
  <Type>"禁39-解除限制速度"</Type>
  <Position>
    918 284 47 45</Position></Frame00005Target00000>
<Frame00006TargetNumber>1</Frame00006TargetNumber>
<Frame00006Target00000>
  <Type>"禁39-解除限制速度"</Type>
  <Position>
    919 282 48 46</Position></Frame00006Target00000>
<Frame00007TargetNumber>1</Frame00007TargetNumber>
<Frame00007Target00000>
  <Type>"禁39-解除限制速度"</Type>
  <Position>
    920 283 51 48</Position></Frame00007Target00000>
<Frame00008TargetNumber>1</Frame00008TargetNumber>
<Frame00008Target00000>
  <Type>"禁39-解除限制速度"</Type>
  <Position>
    927 279 49 52</Position></Frame00008Target00000>
<Frame00009TargetNumber>1</Frame00009TargetNumber>
<Frame00009Target00000>
  <Type>"禁39-解除限制速度"</Type>
  <Position>
    930 280 48 51</Position></Frame00009Target00000>
<Frame00010TargetNumber>1</Frame00010TargetNumber>
<Frame00010Target00000>
  <Type>"禁39-解除限制速度"</Type>
  <Position>
    934 278 49 52</Position></Frame00010Target00000>
<Frame00011TargetNumber>1</Frame00011TargetNumber>
<Frame00011Target00000>
  <Type>"禁39-解除限制速度"</Type>
  <Position>
    937 278 52 54</Position></Frame00011Target00000>
<Frame00012TargetNumber>1</Frame00012TargetNumber>
<Frame00012Target00000>
  <Type>"禁39-解除限制速度"</Type>
  <Position>
    939 279 57 54</Position></Frame00012Target00000>
<Frame00013TargetNumber>1</Frame00013TargetNumber>
<Frame00013Target00000>
  <Type>"禁39-解除限制速度"</Type>
  <Position>
    943 272 57 60</Position></Frame00013Target00000>
<Frame00014TargetNumber>1</Frame00014TargetNumber>
<Frame00014Target00000>
  <Type>"禁39-解除限制速度"</Type>
  <Position>
    947 272 59 58</Position></Frame00014Target00000>
<Frame00015TargetNumber>1</Frame00015TargetNumber>
<Frame00015Target00000>
  <Type>"禁39-解除限制速度"</Type>
  <Position>
    950 270 62 60</Position></Frame00015Target00000>
<Frame00016TargetNumber>1</Frame00016TargetNumber>
<Frame00016Target00000>
  <Type>"禁39-解除限制速度"</Type>
  <Position>
    955 267 64 66</Position></Frame00016Target00000>
<Frame00017TargetNumber>1</Frame00017TargetNumber>
<Frame00017Target00000>
  <Type>"禁39-解除限制速度"</Type>
  <Position>
    963 266 61 68</Position></Frame00017Target00000>
<Frame00018TargetNumber>1</Frame00018TargetNumber>
<Frame00018Target00000>
  <Type>"禁39-解除限制速度"</Type>
  <Position>
    967 265 65 65</Position></Frame00018Target00000>
<Frame00019TargetNumber>1</Frame00019TargetNumber>
<Frame00019Target00000>
  <Type>"禁39-解除限制速度"</Type>
  <Position>
    975 260 65 70</Position></Frame00019Target00000>
<Frame00020TargetNumber>1</Frame00020TargetNumber>
<Frame00020Target00000>
  <Type>"禁39-解除限制速度"</Type>
  <Position>
    981 259 68 74</Position></Frame00020Target00000>
<Frame00021TargetNumber>1</Frame00021TargetNumber>
<Frame00021Target00000>
  <Type>"禁39-解除限制速度"</Type>
  <Position>
    988 255 70 75</Position></Frame00021Target00000>
<Frame00022TargetNumber>1</Frame00022TargetNumber>
<Frame00022Target00000>
  <Type>"禁39-解除限制速度"</Type>
  <Position>
    994 249 73 80</Position></Frame00022Target00000>
<Frame00023TargetNumber>1</Frame00023TargetNumber>
<Frame00023Target00000>
  <Type>"禁39-解除限制速度"</Type>
  <Position>
    1005 250 75 78</Position></Frame00023Target00000>
<Frame00024TargetNumber>1</Frame00024TargetNumber>
<Frame00024Target00000>
  <Type>"禁39-解除限制速度"</Type>
  <Position>
    1007 247 85 79</Position></Frame00024Target00000>
<Frame00025TargetNumber>1</Frame00025TargetNumber>
<Frame00025Target00000>
  <Type>"禁39-解除限制速度"</Type>
  <Position>
    1021 243 85 83</Position></Frame00025Target00000>
<Frame00026TargetNumber>1</Frame00026TargetNumber>
<Frame00026Target00000>
  <Type>"禁39-解除限制速度"</Type>
  <Position>
    1029 240 90 87</Position></Frame00026Target00000>
<Frame00027TargetNumber>1</Frame00027TargetNumber>
<Frame00027Target00000>
  <Type>"禁39-解除限制速度"</Type>
  <Position>
    1041 234 95 92</Position></Frame00027Target00000>
<Frame00028TargetNumber>1</Frame00028TargetNumber>
<Frame00028Target00000>
  <Type>"禁39-解除限制速度"</Type>
  <Position>
    1056 228 99 100</Position></Frame00028Target00000>
<Frame00029TargetNumber>1</Frame00029TargetNumber>
<Frame00029Target00000>
  <Type>"禁39-解除限制速度"</Type>
  <Position>
    1067 225 107 103</Position></Frame00029Target00000>
<Frame00030TargetNumber>1</Frame00030TargetNumber>
<Frame00030Target00000>
  <Type>"禁39-解除限制速度"</Type>
  <Position>
    1082 219 115 110</Position></Frame00030Target00000>
<Frame00031TargetNumber>1</Frame00031TargetNumber>
<Frame00031Target00000>
  <Type>"禁39-解除限制速度"</Type>
  <Position>
    1104 215 114 111</Position></Frame00031Target00000>
<Frame00032TargetNumber>1</Frame00032TargetNumber>
<Frame00032Target00000>
  <Type>"禁39-解除限制速度"</Type>
  <Position>
    1122 203 127 123</Position></Frame00032Target00000>
</opencv_storage>
