<?xml version="1.0"?>
<opencv_storage>
<FrameNumber>12</FrameNumber>
<Frame00000TargetNumber>3</Frame00000TargetNumber>
<Frame00000Target00000>
  <Type>"路67-设有电子不停车收费(ETC)车道的收费站"</Type>
  <Position>
    745 76 143 147</Position></Frame00000Target00000>
<Frame00000Target00001>
  <Type>"禁16-禁止非机动车进入"</Type>
  <Position>
    689 253 45 45</Position></Frame00000Target00001>
<Frame00000Target00002>
  <Type>"禁21-禁止行人驶入"</Type>
  <Position>
    690 300 44 48</Position></Frame00000Target00002>
<Frame00001TargetNumber>3</Frame00001TargetNumber>
<Frame00001Target00000>
  <Type>"禁21-禁止行人驶入"</Type>
  <Position>
    685 295 52 48</Position></Frame00001Target00000>
<Frame00001Target00001>
  <Type>"禁16-禁止非机动车进入"</Type>
  <Position>
    685 249 50 46</Position></Frame00001Target00001>
<Frame00001Target00002>
  <Type>"路67-设有电子不停车收费(ETC)车道的收费站"</Type>
  <Position>
    751 67 139 148</Position></Frame00001Target00002>
<Frame00002TargetNumber>3</Frame00002TargetNumber>
<Frame00002Target00000>
  <Type>"路67-设有电子不停车收费(ETC)车道的收费站"</Type>
  <Position>
    748 62 145 152</Position></Frame00002Target00000>
<Frame00002Target00001>
  <Type>"禁16-禁止非机动车进入"</Type>
  <Position>
    686 248 47 44</Position></Frame00002Target00001>
<Frame00002Target00002>
  <Type>"禁21-禁止行人驶入"</Type>
  <Position>
    684 294 48 47</Position></Frame00002Target00002>
<Frame00003TargetNumber>3</Frame00003TargetNumber>
<Frame00003Target00000>
  <Type>"禁21-禁止行人驶入"</Type>
  <Position>
    679 289 50 49</Position></Frame00003Target00000>
<Frame00003Target00001>
  <Type>"禁16-禁止非机动车进入"</Type>
  <Position>
    683 241 49 48</Position></Frame00003Target00001>
<Frame00003Target00002>
  <Type>"路67-设有电子不停车收费(ETC)车道的收费站"</Type>
  <Position>
    742 54 155 150</Position></Frame00003Target00002>
<Frame00004TargetNumber>3</Frame00004TargetNumber>
<Frame00004Target00000>
  <Type>"路67-设有电子不停车收费(ETC)车道的收费站"</Type>
  <Position>
    735 47 155 151</Position></Frame00004Target00000>
<Frame00004Target00001>
  <Type>"禁16-禁止非机动车进入"</Type>
  <Position>
    677 236 47 49</Position></Frame00004Target00001>
<Frame00004Target00002>
  <Type>"禁21-禁止行人驶入"</Type>
  <Position>
    678 289 47 46</Position></Frame00004Target00002>
<Frame00005TargetNumber>3</Frame00005TargetNumber>
<Frame00005Target00000>
  <Type>"禁21-禁止行人驶入"</Type>
  <Position>
    671 276 49 55</Position></Frame00005Target00000>
<Frame00005Target00001>
  <Type>"禁16-禁止非机动车进入"</Type>
  <Position>
    670 227 51 48</Position></Frame00005Target00001>
<Frame00005Target00002>
  <Type>"路67-设有电子不停车收费(ETC)车道的收费站"</Type>
  <Position>
    732 33 152 158</Position></Frame00005Target00002>
<Frame00006TargetNumber>3</Frame00006TargetNumber>
<Frame00006Target00000>
  <Type>"路67-设有电子不停车收费(ETC)车道的收费站"</Type>
  <Position>
    727 22 160 160</Position></Frame00006Target00000>
<Frame00006Target00001>
  <Type>"禁16-禁止非机动车进入"</Type>
  <Position>
    664 219 52 50</Position></Frame00006Target00001>
<Frame00006Target00002>
  <Type>"禁21-禁止行人驶入"</Type>
  <Position>
    663 273 52 48</Position></Frame00006Target00002>
<Frame00007TargetNumber>3</Frame00007TargetNumber>
<Frame00007Target00000>
  <Type>"禁21-禁止行人驶入"</Type>
  <Position>
    656 263 51 53</Position></Frame00007Target00000>
<Frame00007Target00001>
  <Type>"禁16-禁止非机动车进入"</Type>
  <Position>
    654 213 54 51</Position></Frame00007Target00001>
<Frame00007Target00002>
  <Type>"路67-设有电子不停车收费(ETC)车道的收费站"</Type>
  <Position>
    721 12 157 162</Position></Frame00007Target00002>
<Frame00008TargetNumber>3</Frame00008TargetNumber>
<Frame00008Target00000>
  <Type>"路67-设有电子不停车收费(ETC)车道的收费站"</Type>
  <Position>
    715 7 160 167</Position></Frame00008Target00000>
<Frame00008Target00001>
  <Type>"禁16-禁止非机动车进入"</Type>
  <Position>
    650 210 51 52</Position></Frame00008Target00001>
<Frame00008Target00002>
  <Type>"禁21-禁止行人驶入"</Type>
  <Position>
    651 265 49 51</Position></Frame00008Target00002>
<Frame00009TargetNumber>3</Frame00009TargetNumber>
<Frame00009Target00000>
  <Type>"禁21-禁止行人驶入"</Type>
  <Position>
    636 268 53 53</Position></Frame00009Target00000>
<Frame00009Target00001>
  <Type>"禁16-禁止非机动车进入"</Type>
  <Position>
    639 214 52 52</Position></Frame00009Target00001>
<Frame00009Target00002>
  <Type>"路67-设有电子不停车收费(ETC)车道的收费站"</Type>
  <Position>
    708 7 165 167</Position></Frame00009Target00002>
<Frame00010TargetNumber>3</Frame00010TargetNumber>
<Frame00010Target00000>
  <Type>"路67-设有电子不停车收费(ETC)车道的收费站"</Type>
  <Position>
    696 3 170 165</Position></Frame00010Target00000>
<Frame00010Target00001>
  <Type>"禁16-禁止非机动车进入"</Type>
  <Position>
    629 212 56 53</Position></Frame00010Target00001>
<Frame00010Target00002>
  <Type>"禁21-禁止行人驶入"</Type>
  <Position>
    629 267 54 54</Position></Frame00010Target00002>
<Frame00011TargetNumber>3</Frame00011TargetNumber>
<Frame00011Target00000>
  <Type>"禁21-禁止行人驶入"</Type>
  <Position>
    618 266 53 55</Position></Frame00011Target00000>
<Frame00011Target00001>
  <Type>"禁16-禁止非机动车进入"</Type>
  <Position>
    621 207 54 56</Position></Frame00011Target00001>
<Frame00011Target00002>
  <Type>"路67-设有电子不停车收费(ETC)车道的收费站"</Type>
  <Position>
    691 1 168 165</Position></Frame00011Target00002>
</opencv_storage>
