<?xml version="1.0"?>
<opencv_storage>
<FrameNumber>12</FrameNumber>
<Frame00000TargetNumber>1</Frame00000TargetNumber>
<Frame00000Target00000>
  <Type>"示9-立体交叉直行和左转弯行驶"</Type>
  <Position>
    904 145 105 84</Position></Frame00000Target00000>
<Frame00001TargetNumber>1</Frame00001TargetNumber>
<Frame00001Target00000>
  <Type>"示9-立体交叉直行和左转弯行驶"</Type>
  <Position>
    909 140 110 87</Position></Frame00001Target00000>
<Frame00002TargetNumber>1</Frame00002TargetNumber>
<Frame00002Target00000>
  <Type>"示9-立体交叉直行和左转弯行驶"</Type>
  <Position>
    914 134 110 86</Position></Frame00002Target00000>
<Frame00003TargetNumber>1</Frame00003TargetNumber>
<Frame00003Target00000>
  <Type>"示9-立体交叉直行和左转弯行驶"</Type>
  <Position>
    918 129 118 91</Position></Frame00003Target00000>
<Frame00004TargetNumber>1</Frame00004TargetNumber>
<Frame00004Target00000>
  <Type>"示9-立体交叉直行和左转弯行驶"</Type>
  <Position>
    924 122 120 98</Position></Frame00004Target00000>
<Frame00005TargetNumber>1</Frame00005TargetNumber>
<Frame00005Target00000>
  <Type>"示9-立体交叉直行和左转弯行驶"</Type>
  <Position>
    930 117 126 98</Position></Frame00005Target00000>
<Frame00006TargetNumber>1</Frame00006TargetNumber>
<Frame00006Target00000>
  <Type>"示9-立体交叉直行和左转弯行驶"</Type>
  <Position>
    936 112 131 101</Position></Frame00006Target00000>
<Frame00007TargetNumber>1</Frame00007TargetNumber>
<Frame00007Target00000>
  <Type>"示9-立体交叉直行和左转弯行驶"</Type>
  <Position>
    943 106 133 103</Position></Frame00007Target00000>
<Frame00008TargetNumber>1</Frame00008TargetNumber>
<Frame00008Target00000>
  <Type>"示9-立体交叉直行和左转弯行驶"</Type>
  <Position>
    951 96 140 111</Position></Frame00008Target00000>
<Frame00009TargetNumber>1</Frame00009TargetNumber>
<Frame00009Target00000>
  <Type>"示9-立体交叉直行和左转弯行驶"</Type>
  <Position>
    960 87 146 113</Position></Frame00009Target00000>
<Frame00010TargetNumber>1</Frame00010TargetNumber>
<Frame00010Target00000>
  <Type>"示9-立体交叉直行和左转弯行驶"</Type>
  <Position>
    969 75 150 118</Position></Frame00010Target00000>
<Frame00011TargetNumber>1</Frame00011TargetNumber>
<Frame00011Target00000>
  <Type>"示9-立体交叉直行和左转弯行驶"</Type>
  <Position>
    976 62 160 122</Position></Frame00011Target00000>
</opencv_storage>
