<?xml version="1.0"?>
<opencv_storage>
<FrameNumber>67</FrameNumber>
<Frame00000TargetNumber>0</Frame00000TargetNumber>
<Frame00001TargetNumber>1</Frame00001TargetNumber>
<Frame00001Target00000>
  <Type>"圆形绿灯"</Type>
  <Position>
    532 316 11 11</Position></Frame00001Target00000>
<Frame00002TargetNumber>1</Frame00002TargetNumber>
<Frame00002Target00000>
  <Type>"圆形绿灯"</Type>
  <Position>
    532 317 11 11</Position></Frame00002Target00000>
<Frame00003TargetNumber>1</Frame00003TargetNumber>
<Frame00003Target00000>
  <Type>"圆形绿灯"</Type>
  <Position>
    529 320 13 11</Position></Frame00003Target00000>
<Frame00004TargetNumber>1</Frame00004TargetNumber>
<Frame00004Target00000>
  <Type>"圆形绿灯"</Type>
  <Position>
    530 318 12 12</Position></Frame00004Target00000>
<Frame00005TargetNumber>1</Frame00005TargetNumber>
<Frame00005Target00000>
  <Type>"圆形绿灯"</Type>
  <Position>
    529 320 12 11</Position></Frame00005Target00000>
<Frame00006TargetNumber>1</Frame00006TargetNumber>
<Frame00006Target00000>
  <Type>"圆形绿灯"</Type>
  <Position>
    526 320 13 11</Position></Frame00006Target00000>
<Frame00007TargetNumber>1</Frame00007TargetNumber>
<Frame00007Target00000>
  <Type>"圆形绿灯"</Type>
  <Position>
    526 317 12 11</Position></Frame00007Target00000>
<Frame00008TargetNumber>1</Frame00008TargetNumber>
<Frame00008Target00000>
  <Type>"圆形绿灯"</Type>
  <Position>
    524 317 13 11</Position></Frame00008Target00000>
<Frame00009TargetNumber>1</Frame00009TargetNumber>
<Frame00009Target00000>
  <Type>"圆形绿灯"</Type>
  <Position>
    523 316 13 14</Position></Frame00009Target00000>
<Frame00010TargetNumber>1</Frame00010TargetNumber>
<Frame00010Target00000>
  <Type>"圆形绿灯"</Type>
  <Position>
    521 320 15 11</Position></Frame00010Target00000>
<Frame00011TargetNumber>1</Frame00011TargetNumber>
<Frame00011Target00000>
  <Type>"圆形绿灯"</Type>
  <Position>
    521 323 10 10</Position></Frame00011Target00000>
<Frame00012TargetNumber>1</Frame00012TargetNumber>
<Frame00012Target00000>
  <Type>"圆形绿灯"</Type>
  <Position>
    518 318 16 12</Position></Frame00012Target00000>
<Frame00013TargetNumber>1</Frame00013TargetNumber>
<Frame00013Target00000>
  <Type>"圆形绿灯"</Type>
  <Position>
    519 317 13 10</Position></Frame00013Target00000>
<Frame00014TargetNumber>1</Frame00014TargetNumber>
<Frame00014Target00000>
  <Type>"圆形绿灯"</Type>
  <Position>
    517 309 16 14</Position></Frame00014Target00000>
<Frame00015TargetNumber>1</Frame00015TargetNumber>
<Frame00015Target00000>
  <Type>"圆形绿灯"</Type>
  <Position>
    517 311 13 12</Position></Frame00015Target00000>
<Frame00016TargetNumber>1</Frame00016TargetNumber>
<Frame00016Target00000>
  <Type>"圆形绿灯"</Type>
  <Position>
    514 313 16 15</Position></Frame00016Target00000>
<Frame00017TargetNumber>1</Frame00017TargetNumber>
<Frame00017Target00000>
  <Type>"圆形黄灯"</Type>
  <Position>
    515 305 11 11</Position></Frame00017Target00000>
<Frame00018TargetNumber>1</Frame00018TargetNumber>
<Frame00018Target00000>
  <Type>"圆形黄灯"</Type>
  <Position>
    513 306 14 10</Position></Frame00018Target00000>
<Frame00019TargetNumber>1</Frame00019TargetNumber>
<Frame00019Target00000>
  <Type>"圆形黄灯"</Type>
  <Position>
    513 308 13 12</Position></Frame00019Target00000>
<Frame00020TargetNumber>1</Frame00020TargetNumber>
<Frame00020Target00000>
  <Type>"圆形黄灯"</Type>
  <Position>
    512 304 15 14</Position></Frame00020Target00000>
<Frame00021TargetNumber>1</Frame00021TargetNumber>
<Frame00021Target00000>
  <Type>"圆形黄灯"</Type>
  <Position>
    510 306 11 11</Position></Frame00021Target00000>
<Frame00022TargetNumber>1</Frame00022TargetNumber>
<Frame00022Target00000>
  <Type>"圆形黄灯"</Type>
  <Position>
    509 310 12 11</Position></Frame00022Target00000>
<Frame00023TargetNumber>1</Frame00023TargetNumber>
<Frame00023Target00000>
  <Type>"圆形黄灯"</Type>
  <Position>
    507 305 13 13</Position></Frame00023Target00000>
<Frame00024TargetNumber>1</Frame00024TargetNumber>
<Frame00024Target00000>
  <Type>"圆形黄灯"</Type>
  <Position>
    508 303 13 13</Position></Frame00024Target00000>
<Frame00025TargetNumber>1</Frame00025TargetNumber>
<Frame00025Target00000>
  <Type>"圆形黄灯"</Type>
  <Position>
    506 300 11 14</Position></Frame00025Target00000>
<Frame00026TargetNumber>1</Frame00026TargetNumber>
<Frame00026Target00000>
  <Type>"圆形黄灯"</Type>
  <Position>
    505 302 13 13</Position></Frame00026Target00000>
<Frame00027TargetNumber>1</Frame00027TargetNumber>
<Frame00027Target00000>
  <Type>"圆形黄灯"</Type>
  <Position>
    503 306 13 14</Position></Frame00027Target00000>
<Frame00028TargetNumber>1</Frame00028TargetNumber>
<Frame00028Target00000>
  <Type>"圆形黄灯"</Type>
  <Position>
    503 307 13 13</Position></Frame00028Target00000>
<Frame00029TargetNumber>1</Frame00029TargetNumber>
<Frame00029Target00000>
  <Type>"圆形黄灯"</Type>
  <Position>
    502 306 13 13</Position></Frame00029Target00000>
<Frame00030TargetNumber>1</Frame00030TargetNumber>
<Frame00030Target00000>
  <Type>"圆形黄灯"</Type>
  <Position>
    502 302 13 12</Position></Frame00030Target00000>
<Frame00031TargetNumber>1</Frame00031TargetNumber>
<Frame00031Target00000>
  <Type>"圆形黄灯"</Type>
  <Position>
    500 301 13 16</Position></Frame00031Target00000>
<Frame00032TargetNumber>1</Frame00032TargetNumber>
<Frame00032Target00000>
  <Type>"圆形黄灯"</Type>
  <Position>
    501 302 13 13</Position></Frame00032Target00000>
<Frame00033TargetNumber>1</Frame00033TargetNumber>
<Frame00033Target00000>
  <Type>"圆形黄灯"</Type>
  <Position>
    499 299 13 14</Position></Frame00033Target00000>
<Frame00034TargetNumber>1</Frame00034TargetNumber>
<Frame00034Target00000>
  <Type>"圆形黄灯"</Type>
  <Position>
    495 299 15 13</Position></Frame00034Target00000>
<Frame00035TargetNumber>1</Frame00035TargetNumber>
<Frame00035Target00000>
  <Type>"圆形黄灯"</Type>
  <Position>
    495 294 13 15</Position></Frame00035Target00000>
<Frame00036TargetNumber>1</Frame00036TargetNumber>
<Frame00036Target00000>
  <Type>"圆形黄灯"</Type>
  <Position>
    494 299 14 13</Position></Frame00036Target00000>
<Frame00037TargetNumber>1</Frame00037TargetNumber>
<Frame00037Target00000>
  <Type>"圆形黄灯"</Type>
  <Position>
    493 301 13 13</Position></Frame00037Target00000>
<Frame00038TargetNumber>1</Frame00038TargetNumber>
<Frame00038Target00000>
  <Type>"圆形黄灯"</Type>
  <Position>
    491 295 16 13</Position></Frame00038Target00000>
<Frame00039TargetNumber>1</Frame00039TargetNumber>
<Frame00039Target00000>
  <Type>"圆形黄灯"</Type>
  <Position>
    489 297 14 13</Position></Frame00039Target00000>
<Frame00040TargetNumber>1</Frame00040TargetNumber>
<Frame00040Target00000>
  <Type>"圆形黄灯"</Type>
  <Position>
    488 296 14 13</Position></Frame00040Target00000>
<Frame00041TargetNumber>1</Frame00041TargetNumber>
<Frame00041Target00000>
  <Type>"圆形绿灯"</Type>
  <Position>
    486 276 14 16</Position></Frame00041Target00000>
<Frame00042TargetNumber>1</Frame00042TargetNumber>
<Frame00042Target00000>
  <Type>"圆形绿灯"</Type>
  <Position>
    484 281 13 14</Position></Frame00042Target00000>
<Frame00043TargetNumber>1</Frame00043TargetNumber>
<Frame00043Target00000>
  <Type>"圆形绿灯"</Type>
  <Position>
    482 277 14 14</Position></Frame00043Target00000>
<Frame00044TargetNumber>1</Frame00044TargetNumber>
<Frame00044Target00000>
  <Type>"圆形绿灯"</Type>
  <Position>
    477 276 15 14</Position></Frame00044Target00000>
<Frame00045TargetNumber>1</Frame00045TargetNumber>
<Frame00045Target00000>
  <Type>"圆形绿灯"</Type>
  <Position>
    474 277 16 12</Position></Frame00045Target00000>
<Frame00046TargetNumber>1</Frame00046TargetNumber>
<Frame00046Target00000>
  <Type>"圆形绿灯"</Type>
  <Position>
    471 274 14 12</Position></Frame00046Target00000>
<Frame00047TargetNumber>1</Frame00047TargetNumber>
