<?xml version="1.0"?>
<opencv_storage>
<FrameNumber>12</FrameNumber>
<Frame00000TargetNumber>2</Frame00000TargetNumber>
<Frame00000Target00000>
  <Type>"禁12-禁止拖拉机驶入"</Type>
  <Position>
    799 319 37 37</Position></Frame00000Target00000>
<Frame00000Target00001>
  <Type>"禁38-限制速度"</Type>
  <Position>
    473 386 16 16</Position></Frame00000Target00001>
<Frame00001TargetNumber>2</Frame00001TargetNumber>
<Frame00001Target00000>
  <Type>"禁38-限制速度"</Type>
  <Position>
    506 384 16 16</Position></Frame00001Target00000>
<Frame00001Target00001>
  <Type>"禁12-禁止拖拉机驶入"</Type>
  <Position>
    837 314 38 39</Position></Frame00001Target00001>
<Frame00002TargetNumber>2</Frame00002TargetNumber>
<Frame00002Target00000>
  <Type>"禁12-禁止拖拉机驶入"</Type>
  <Position>
    872 312 42 39</Position></Frame00002Target00000>
<Frame00002Target00001>
  <Type>"禁38-限制速度"</Type>
  <Position>
    538 382 13 15</Position></Frame00002Target00001>
<Frame00003TargetNumber>2</Frame00003TargetNumber>
<Frame00003Target00000>
  <Type>"禁38-限制速度"</Type>
  <Position>
    569 380 14 14</Position></Frame00003Target00000>
<Frame00003Target00001>
  <Type>"禁12-禁止拖拉机驶入"</Type>
  <Position>
    911 307 40 38</Position></Frame00003Target00001>
<Frame00004TargetNumber>2</Frame00004TargetNumber>
<Frame00004Target00000>
  <Type>"禁12-禁止拖拉机驶入"</Type>
  <Position>
    951 301 41 41</Position></Frame00004Target00000>
<Frame00004Target00001>
  <Type>"禁38-限制速度"</Type>
  <Position>
    599 377 16 15</Position></Frame00004Target00001>
<Frame00005TargetNumber>2</Frame00005TargetNumber>
<Frame00005Target00000>
  <Type>"禁38-限制速度"</Type>
  <Position>
    631 376 13 14</Position></Frame00005Target00000>
<Frame00005Target00001>
  <Type>"禁12-禁止拖拉机驶入"</Type>
  <Position>
    991 295 42 44</Position></Frame00005Target00001>
<Frame00006TargetNumber>2</Frame00006TargetNumber>
<Frame00006Target00000>
  <Type>"禁12-禁止拖拉机驶入"</Type>
  <Position>
    1028 294 45 42</Position></Frame00006Target00000>
<Frame00006Target00001>
  <Type>"禁38-限制速度"</Type>
  <Position>
    659 372 14 17</Position></Frame00006Target00001>
<Frame00007TargetNumber>2</Frame00007TargetNumber>
<Frame00007Target00000>
  <Type>"禁38-限制速度"</Type>
  <Position>
    685 371 15 15</Position></Frame00007Target00000>
<Frame00007Target00001>
  <Type>"禁12-禁止拖拉机驶入"</Type>
  <Position>
    1065 287 48 46</Position></Frame00007Target00001>
<Frame00008TargetNumber>2</Frame00008TargetNumber>
<Frame00008Target00000>
  <Type>"禁12-禁止拖拉机驶入"</Type>
  <Position>
    1102 284 50 46</Position></Frame00008Target00000>
<Frame00008Target00001>
  <Type>"禁38-限制速度"</Type>
  <Position>
    710 367 16 17</Position></Frame00008Target00001>
<Frame00009TargetNumber>2</Frame00009TargetNumber>
<Frame00009Target00000>
  <Type>"禁38-限制速度"</Type>
  <Position>
    732 365 17 18</Position></Frame00009Target00000>
<Frame00009Target00001>
  <Type>"禁12-禁止拖拉机驶入"</Type>
  <Position>
    1137 280 53 48</Position></Frame00009Target00001>
<Frame00010TargetNumber>2</Frame00010TargetNumber>
<Frame00010Target00000>
  <Type>"禁12-禁止拖拉机驶入"</Type>
  <Position>
    1171 277 50 45</Position></Frame00010Target00000>
<Frame00010Target00001>
  <Type>"禁38-限制速度"</Type>
  <Position>
    750 365 19 17</Position></Frame00010Target00001>
<Frame00011TargetNumber>2</Frame00011TargetNumber>
<Frame00011Target00000>
  <Type>"禁38-限制速度"</Type>
  <Position>
    770 363 16 17</Position></Frame00011Target00000>
<Frame00011Target00001>
  <Type>"禁12-禁止拖拉机驶入"</Type>
  <Position>
    1205 273 53 49</Position></Frame00011Target00001>
</opencv_storage>
