<?xml version="1.0"?>
<opencv_storage>
<FrameNumber>13</FrameNumber>
<Frame00000TargetNumber>1</Frame00000TargetNumber>
<Frame00000Target00000>
  <Type>"禁39-解除限制速度"</Type>
  <Position>
    1025 287 39 45</Position></Frame00000Target00000>
<Frame00001TargetNumber>1</Frame00001TargetNumber>
<Frame00001Target00000>
  <Type>"禁39-解除限制速度"</Type>
  <Position>
    1028 286 53 48</Position></Frame00001Target00000>
<Frame00002TargetNumber>1</Frame00002TargetNumber>
<Frame00002Target00000>
  <Type>"禁39-解除限制速度"</Type>
  <Position>
    1041 280 50 51</Position></Frame00002Target00000>
<Frame00003TargetNumber>1</Frame00003TargetNumber>
<Frame00003Target00000>
  <Type>"禁39-解除限制速度"</Type>
  <Position>
    1048 282 51 49</Position></Frame00003Target00000>
<Frame00004TargetNumber>1</Frame00004TargetNumber>
<Frame00004Target00000>
  <Type>"禁39-解除限制速度"</Type>
  <Position>
    1058 279 56 54</Position></Frame00004Target00000>
<Frame00005TargetNumber>1</Frame00005TargetNumber>
<Frame00005Target00000>
  <Type>"禁39-解除限制速度"</Type>
  <Position>
    1068 273 63 59</Position></Frame00005Target00000>
<Frame00006TargetNumber>1</Frame00006TargetNumber>
<Frame00006Target00000>
  <Type>"禁39-解除限制速度"</Type>
  <Position>
    1082 271 58 61</Position></Frame00006Target00000>
<Frame00007TargetNumber>1</Frame00007TargetNumber>
<Frame00007Target00000>
  <Type>"禁39-解除限制速度"</Type>
  <Position>
    1093 266 60 65</Position></Frame00007Target00000>
<Frame00008TargetNumber>1</Frame00008TargetNumber>
<Frame00008Target00000>
  <Type>"禁39-解除限制速度"</Type>
  <Position>
    1107 266 67 70</Position></Frame00008Target00000>
<Frame00009TargetNumber>1</Frame00009TargetNumber>
<Frame00009Target00000>
  <Type>"禁39-解除限制速度"</Type>
  <Position>
    1125 262 70 77</Position></Frame00009Target00000>
<Frame00010TargetNumber>1</Frame00010TargetNumber>
<Frame00010Target00000>
  <Type>"禁39-解除限制速度"</Type>
  <Position>
    1147 255 73 80</Position></Frame00010Target00000>
<Frame00011TargetNumber>1</Frame00011TargetNumber>
<Frame00011Target00000>
  <Type>"禁39-解除限制速度"</Type>
  <Position>
    1162 249 81 86</Position></Frame00011Target00000>
<Frame00012TargetNumber>1</Frame00012TargetNumber>
<Frame00012Target00000>
  <Type>"禁39-解除限制速度"</Type>
  <Position>
    1188 238 87 97</Position></Frame00012Target00000>
</opencv_storage>
