<?xml version="1.0"?>
<opencv_storage>
<FrameNumber>12</FrameNumber>
<Frame00000TargetNumber>2</Frame00000TargetNumber>
<Frame00000Target00000>
  <Type>"禁38-限制速度"</Type>
  <Position>
    951 253 26 32</Position></Frame00000Target00000>
<Frame00000Target00001>
  <Type>"禁29-禁止超车"</Type>
  <Position>
    946 286 26 32</Position></Frame00000Target00001>
<Frame00001TargetNumber>2</Frame00001TargetNumber>
<Frame00001Target00000>
  <Type>"禁29-禁止超车"</Type>
  <Position>
    960 285 28 34</Position></Frame00001Target00000>
<Frame00001Target00001>
  <Type>"禁38-限制速度"</Type>
  <Position>
    964 254 30 31</Position></Frame00001Target00001>
<Frame00002TargetNumber>2</Frame00002TargetNumber>
<Frame00002Target00000>
  <Type>"禁38-限制速度"</Type>
  <Position>
    993 254 28 33</Position></Frame00002Target00000>
<Frame00002Target00001>
  <Type>"禁29-禁止超车"</Type>
  <Position>
    990 286 28 34</Position></Frame00002Target00001>
<Frame00003TargetNumber>2</Frame00003TargetNumber>
<Frame00003Target00000>
  <Type>"禁29-禁止超车"</Type>
  <Position>
    1003 289 27 33</Position></Frame00003Target00000>
<Frame00003Target00001>
  <Type>"禁38-限制速度"</Type>
  <Position>
    1007 255 30 33</Position></Frame00003Target00001>
<Frame00004TargetNumber>2</Frame00004TargetNumber>
<Frame00004Target00000>
  <Type>"禁38-限制速度"</Type>
  <Position>
    1033 254 28 33</Position></Frame00004Target00000>
<Frame00004Target00001>
  <Type>"禁29-禁止超车"</Type>
  <Position>
    1028 288 28 33</Position></Frame00004Target00001>
<Frame00005TargetNumber>2</Frame00005TargetNumber>
<Frame00005Target00000>
  <Type>"禁29-禁止超车"</Type>
  <Position>
    1042 286 29 36</Position></Frame00005Target00000>
<Frame00005Target00001>
  <Type>"禁38-限制速度"</Type>
  <Position>
    1047 251 29 33</Position></Frame00005Target00001>
<Frame00006TargetNumber>2</Frame00006TargetNumber>
<Frame00006Target00000>
  <Type>"禁38-限制速度"</Type>
  <Position>
    1077 247 31 36</Position></Frame00006Target00000>
<Frame00006Target00001>
  <Type>"禁29-禁止超车"</Type>
  <Position>
    1072 285 29 34</Position></Frame00006Target00001>
<Frame00007TargetNumber>2</Frame00007TargetNumber>
<Frame00007Target00000>
  <Type>"禁29-禁止超车"</Type>
  <Position>
    1090 282 28 36</Position></Frame00007Target00000>
<Frame00007Target00001>
  <Type>"禁38-限制速度"</Type>
  <Position>
    1094 245 31 36</Position></Frame00007Target00001>
<Frame00008TargetNumber>2</Frame00008TargetNumber>
<Frame00008Target00000>
  <Type>"禁38-限制速度"</Type>
  <Position>
    1133 240 31 39</Position></Frame00008Target00000>
<Frame00008Target00001>
  <Type>"禁29-禁止超车"</Type>
  <Position>
    1127 281 32 34</Position></Frame00008Target00001>
<Frame00009TargetNumber>2</Frame00009TargetNumber>
<Frame00009Target00000>
  <Type>"禁29-禁止超车"</Type>
  <Position>
    1149 278 31 37</Position></Frame00009Target00000>
<Frame00009Target00001>
  <Type>"禁38-限制速度"</Type>
  <Position>
    1155 241 32 37</Position></Frame00009Target00001>
<Frame00010TargetNumber>2</Frame00010TargetNumber>
<Frame00010Target00000>
  <Type>"禁38-限制速度"</Type>
  <Position>
    1204 235 35 40</Position></Frame00010Target00000>
<Frame00010Target00001>
  <Type>"禁29-禁止超车"</Type>
  <Position>
    1200 275 31 37</Position></Frame00010Target00001>
<Frame00011TargetNumber>2</Frame00011TargetNumber>
<Frame00011Target00000>
  <Type>"禁29-禁止超车"</Type>
  <Position>
    1221 274 39 38</Position></Frame00011Target00000>
<Frame00011Target00001>
  <Type>"禁38-限制速度"</Type>
  <Position>
    1229 232 36 41</Position></Frame00011Target00001>
</opencv_storage>
