<?xml version="1.0"?>
<opencv_storage>
<FrameNumber>10</FrameNumber>
<Frame00000TargetNumber>1</Frame00000TargetNumber>
<Frame00000Target00000>
  <Type>"禁5-禁止驶入"</Type>
  <Position>
    1092 318 26 25</Position></Frame00000Target00000>
<Frame00001TargetNumber>1</Frame00001TargetNumber>
<Frame00001Target00000>
  <Type>"禁5-禁止驶入"</Type>
  <Position>
    1097 318 26 27</Position></Frame00001Target00000>
<Frame00002TargetNumber>1</Frame00002TargetNumber>
<Frame00002Target00000>
  <Type>"禁5-禁止驶入"</Type>
  <Position>
    1103 316 28 27</Position></Frame00002Target00000>
<Frame00003TargetNumber>1</Frame00003TargetNumber>
<Frame00003Target00000>
  <Type>"禁5-禁止驶入"</Type>
  <Position>
    1110 313 28 25</Position></Frame00003Target00000>
<Frame00004TargetNumber>2</Frame00004TargetNumber>
<Frame00004Target00000>
  <Type>"禁5-禁止驶入"</Type>
  <Position>
    1146 338 0 0</Position></Frame00004Target00000>
<Frame00004Target00001>
  <Type>"禁5-禁止驶入"</Type>
  <Position>
    1117 310 28 29</Position></Frame00004Target00001>
<Frame00005TargetNumber>1</Frame00005TargetNumber>
<Frame00005Target00000>
  <Type>"禁5-禁止驶入"</Type>
  <Position>
    1124 311 30 29</Position></Frame00005Target00000>
<Frame00006TargetNumber>1</Frame00006TargetNumber>
<Frame00006Target00000>
  <Type>"禁5-禁止驶入"</Type>
  <Position>
    1132 309 30 30</Position></Frame00006Target00000>
<Frame00007TargetNumber>1</Frame00007TargetNumber>
<Frame00007Target00000>
  <Type>"禁5-禁止驶入"</Type>
  <Position>
    1140 309 32 32</Position></Frame00007Target00000>
<Frame00008TargetNumber>1</Frame00008TargetNumber>
<Frame00008Target00000>
  <Type>"禁5-禁止驶入"</Type>
  <Position>
    1149 313 33 32</Position></Frame00008Target00000>
<Frame00009TargetNumber>1</Frame00009TargetNumber>
<Frame00009Target00000>
  <Type>"禁5-禁止驶入"</Type>
  <Position>
    1159 308 34 33</Position></Frame00009Target00000>
</opencv_storage>
