<?xml version="1.0"?>
<opencv_storage>
<FrameNumber>38</FrameNumber>
<Frame00000TargetNumber>1</Frame00000TargetNumber>
<Frame00000Target00000>
  <Type>"路52-出口标志及出口地点方向"</Type>
  <Position>
    674 285 40 40</Position></Frame00000Target00000>
<Frame00001TargetNumber>1</Frame00001TargetNumber>
<Frame00001Target00000>
  <Type>"路52-出口标志及出口地点方向"</Type>
  <Position>
    679 288 37 39</Position></Frame00001Target00000>
<Frame00002TargetNumber>1</Frame00002TargetNumber>
<Frame00002Target00000>
  <Type>"路52-出口标志及出口地点方向"</Type>
  <Position>
    679 286 39 40</Position></Frame00002Target00000>
<Frame00003TargetNumber>1</Frame00003TargetNumber>
<Frame00003Target00000>
  <Type>"路52-出口标志及出口地点方向"</Type>
  <Position>
    683 282 38 42</Position></Frame00003Target00000>
<Frame00004TargetNumber>1</Frame00004TargetNumber>
<Frame00004Target00000>
  <Type>"路52-出口标志及出口地点方向"</Type>
  <Position>
    686 281 40 41</Position></Frame00004Target00000>
<Frame00005TargetNumber>1</Frame00005TargetNumber>
<Frame00005Target00000>
  <Type>"路52-出口标志及出口地点方向"</Type>
  <Position>
    686 278 40 43</Position></Frame00005Target00000>
<Frame00006TargetNumber>1</Frame00006TargetNumber>
<Frame00006Target00000>
  <Type>"路52-出口标志及出口地点方向"</Type>
  <Position>
    692 280 40 40</Position></Frame00006Target00000>
<Frame00007TargetNumber>1</Frame00007TargetNumber>
<Frame00007Target00000>
  <Type>"路52-出口标志及出口地点方向"</Type>
  <Position>
    692 278 45 44</Position></Frame00007Target00000>
<Frame00008TargetNumber>1</Frame00008TargetNumber>
<Frame00008Target00000>
  <Type>"路52-出口标志及出口地点方向"</Type>
  <Position>
    694 277 45 44</Position></Frame00008Target00000>
<Frame00009TargetNumber>1</Frame00009TargetNumber>
<Frame00009Target00000>
  <Type>"路52-出口标志及出口地点方向"</Type>
  <Position>
    699 275 39 46</Position></Frame00009Target00000>
<Frame00010TargetNumber>1</Frame00010TargetNumber>
<Frame00010Target00000>
  <Type>"路52-出口标志及出口地点方向"</Type>
  <Position>
    702 274 41 42</Position></Frame00010Target00000>
<Frame00011TargetNumber>1</Frame00011TargetNumber>
<Frame00011Target00000>
  <Type>"路52-出口标志及出口地点方向"</Type>
  <Position>
    705 272 42 44</Position></Frame00011Target00000>
<Frame00012TargetNumber>1</Frame00012TargetNumber>
<Frame00012Target00000>
  <Type>"路52-出口标志及出口地点方向"</Type>
  <Position>
    705 269 44 47</Position></Frame00012Target00000>
<Frame00013TargetNumber>1</Frame00013TargetNumber>
<Frame00013Target00000>
  <Type>"路52-出口标志及出口地点方向"</Type>
  <Position>
    708 271 46 46</Position></Frame00013Target00000>
<Frame00014TargetNumber>1</Frame00014TargetNumber>
<Frame00014Target00000>
  <Type>"路52-出口标志及出口地点方向"</Type>
  <Position>
    710 272 44 47</Position></Frame00014Target00000>
<Frame00015TargetNumber>1</Frame00015TargetNumber>
<Frame00015Target00000>
  <Type>"路52-出口标志及出口地点方向"</Type>
  <Position>
    712 271 42 44</Position></Frame00015Target00000>
<Frame00016TargetNumber>1</Frame00016TargetNumber>
<Frame00016Target00000>
  <Type>"路52-出口标志及出口地点方向"</Type>
  <Position>
    711 270 46 45</Position></Frame00016Target00000>
<Frame00017TargetNumber>1</Frame00017TargetNumber>
<Frame00017Target00000>
  <Type>"路52-出口标志及出口地点方向"</Type>
  <Position>
    713 264 48 47</Position></Frame00017Target00000>
<Frame00018TargetNumber>1</Frame00018TargetNumber>
<Frame00018Target00000>
  <Type>"路52-出口标志及出口地点方向"</Type>
  <Position>
    710 262 49 49</Position></Frame00018Target00000>
<Frame00019TargetNumber>1</Frame00019TargetNumber>
<Frame00019Target00000>
  <Type>"路52-出口标志及出口地点方向"</Type>
  <Position>
    711 264 46 47</Position></Frame00019Target00000>
<Frame00020TargetNumber>1</Frame00020TargetNumber>
<Frame00020Target00000>
  <Type>"路52-出口标志及出口地点方向"</Type>
  <Position>
    710 263 48 46</Position></Frame00020Target00000>
<Frame00021TargetNumber>1</Frame00021TargetNumber>
<Frame00021Target00000>
  <Type>"路52-出口标志及出口地点方向"</Type>
  <Position>
    707 259 47 47</Position></Frame00021Target00000>
<Frame00022TargetNumber>1</Frame00022TargetNumber>
<Frame00022Target00000>
  <Type>"路52-出口标志及出口地点方向"</Type>
  <Position>
    706 257 47 46</Position></Frame00022Target00000>
<Frame00023TargetNumber>1</Frame00023TargetNumber>
<Frame00023Target00000>
  <Type>"路52-出口标志及出口地点方向"</Type>
  <Position>
    703 251 53 53</Position></Frame00023Target00000>
<Frame00024TargetNumber>1</Frame00024TargetNumber>
<Frame00024Target00000>
  <Type>"路52-出口标志及出口地点方向"</Type>
  <Position>
    702 254 52 49</Position></Frame00024Target00000>
<Frame00025TargetNumber>1</Frame00025TargetNumber>
<Frame00025Target00000>
  <Type>"路52-出口标志及出口地点方向"</Type>
  <Position>
    701 247 50 56</Position></Frame00025Target00000>
<Frame00026TargetNumber>1</Frame00026TargetNumber>
<Frame00026Target00000>
  <Type>"路52-出口标志及出口地点方向"</Type>
  <Position>
    698 247 51 53</Position></Frame00026Target00000>
<Frame00027TargetNumber>1</Frame00027TargetNumber>
<Frame00027Target00000>
  <Type>"路52-出口标志及出口地点方向"</Type>
  <Position>
    697 244 50 56</Position></Frame00027Target00000>
<Frame00028TargetNumber>1</Frame00028TargetNumber>
<Frame00028Target00000>
  <Type>"路52-出口标志及出口地点方向"</Type>
  <Position>
    694 242 54 59</Position></Frame00028Target00000>
<Frame00029TargetNumber>1</Frame00029TargetNumber>
<Frame00029Target00000>
  <Type>"路52-出口标志及出口地点方向"</Type>
  <Position>
    690 244 56 56</Position></Frame00029Target00000>
<Frame00030TargetNumber>1</Frame00030TargetNumber>
<Frame00030Target00000>
  <Type>"路52-出口标志及出口地点方向"</Type>
  <Position>
    688 239 58 56</Position></Frame00030Target00000>
<Frame00031TargetNumber>1</Frame00031TargetNumber>
<Frame00031Target00000>
  <Type>"路52-出口标志及出口地点方向"</Type>
  <Position>
    684 236 59 56</Position></Frame00031Target00000>
<Frame00032TargetNumber>1</Frame00032TargetNumber>
<Frame00032Target00000>
  <Type>"路52-出口标志及出口地点方向"</Type>
  <Position>
    684 234 55 57</Position></Frame00032Target00000>
<Frame00033TargetNumber>1</Frame00033TargetNumber>
<Frame00033Target00000>
  <Type>"路52-出口标志及出口地点方向"</Type>
  <Position>
    677 234 60 58</Position></Frame00033Target00000>
<Frame00034TargetNumber>1</Frame00034TargetNumber>
<Frame00034Target00000>
  <Type>"路52-出口标志及出口地点方向"</Type>
  <Position>
    670 229 64 61</Position></Frame00034Target00000>
<Frame00035TargetNumber>1</Frame00035TargetNumber>
<Frame00035Target00000>
  <Type>"路52-出口标志及出口地点方向"</Type>
  <Position>
    668 221 62 65</Position></Frame00035Target00000>
<Frame00036TargetNumber>1</Frame00036TargetNumber>
<Frame00036Target00000>
  <Type>"路52-出口标志及出口地点方向"</Type>
  <Position>
    664 216 63 64</Position></Frame00036Target00000>
<Frame00037TargetNumber>1</Frame00037TargetNumber>
<Frame00037Target00000>
  <Type>"路52-出口标志及出口地点方向"</Type>
  <Position>
    657 218 64 62</Position></Frame00037Target00000>
</opencv_storage>
