<?xml version="1.0"?>
<opencv_storage>
<FrameNumber>62</FrameNumber>
<Frame00000TargetNumber>3</Frame00000TargetNumber>
<Frame00000Target00000>
  <Type>"左转箭头绿灯"</Type>
  <Position>
    675 319 10 15</Position></Frame00000Target00000>
<Frame00000Target00001>
  <Type>"直行箭头绿灯"</Type>
  <Position>
    710 318 12 14</Position></Frame00000Target00001>
<Frame00000Target00002>
  <Type>"直行箭头绿灯"</Type>
  <Position>
    744 317 11 12</Position></Frame00000Target00002>
<Frame00001TargetNumber>3</Frame00001TargetNumber>
<Frame00001Target00000>
  <Type>"直行箭头绿灯"</Type>
  <Position>
    741 310 12 15</Position></Frame00001Target00000>
<Frame00001Target00001>
  <Type>"直行箭头绿灯"</Type>
  <Position>
    705 312 11 14</Position></Frame00001Target00001>
<Frame00001Target00002>
  <Type>"左转箭头绿灯"</Type>
  <Position>
    669 314 15 15</Position></Frame00001Target00002>
<Frame00002TargetNumber>3</Frame00002TargetNumber>
<Frame00002Target00000>
  <Type>"左转箭头绿灯"</Type>
  <Position>
    663 308 14 14</Position></Frame00002Target00000>
<Frame00002Target00001>
  <Type>"直行箭头绿灯"</Type>
  <Position>
    699 306 13 15</Position></Frame00002Target00001>
<Frame00002Target00002>
  <Type>"直行箭头绿灯"</Type>
  <Position>
    737 304 14 18</Position></Frame00002Target00002>
<Frame00003TargetNumber>3</Frame00003TargetNumber>
<Frame00003Target00000>
  <Type>"直行箭头绿灯"</Type>
  <Position>
    733 307 14 16</Position></Frame00003Target00000>
<Frame00003Target00001>
  <Type>"直行箭头绿灯"</Type>
  <Position>
    696 307 14 17</Position></Frame00003Target00001>
<Frame00003Target00002>
  <Type>"左转箭头绿灯"</Type>
  <Position>
    660 310 14 15</Position></Frame00003Target00002>
<Frame00004TargetNumber>3</Frame00004TargetNumber>
<Frame00004Target00000>
  <Type>"左转箭头绿灯"</Type>
  <Position>
    655 314 16 14</Position></Frame00004Target00000>
<Frame00004Target00001>
  <Type>"直行箭头绿灯"</Type>
  <Position>
    693 311 15 18</Position></Frame00004Target00001>
<Frame00004Target00002>
  <Type>"直行箭头绿灯"</Type>
  <Position>
    730 309 12 15</Position></Frame00004Target00002>
<Frame00005TargetNumber>3</Frame00005TargetNumber>
<Frame00005Target00000>
  <Type>"直行箭头绿灯"</Type>
  <Position>
    725 310 15 19</Position></Frame00005Target00000>
<Frame00005Target00001>
  <Type>"直行箭头绿灯"</Type>
  <Position>
    689 313 12 16</Position></Frame00005Target00001>
<Frame00005Target00002>
  <Type>"左转箭头绿灯"</Type>
  <Position>
    652 315 12 17</Position></Frame00005Target00002>
<Frame00006TargetNumber>3</Frame00006TargetNumber>
<Frame00006Target00000>
  <Type>"左转箭头绿灯"</Type>
  <Position>
    648 321 15 17</Position></Frame00006Target00000>
<Frame00006Target00001>
  <Type>"直行箭头绿灯"</Type>
  <Position>
    685 316 15 20</Position></Frame00006Target00001>
<Frame00006Target00002>
  <Type>"直行箭头绿灯"</Type>
  <Position>
    720 313 19 21</Position></Frame00006Target00002>
<Frame00007TargetNumber>3</Frame00007TargetNumber>
<Frame00007Target00000>
  <Type>"直行箭头绿灯"</Type>
  <Position>
    723 315 15 13</Position></Frame00007Target00000>
<Frame00007Target00001>
  <Type>"直行箭头绿灯"</Type>
  <Position>
    685 317 17 14</Position></Frame00007Target00001>
<Frame00007Target00002>
  <Type>"左转箭头绿灯"</Type>
  <Position>
    647 319 17 14</Position></Frame00007Target00002>
<Frame00008TargetNumber>4</Frame00008TargetNumber>
<Frame00008Target00000>
  <Type>"左转箭头绿灯"</Type>
  <Position>
    652 317 11 15</Position></Frame00008Target00000>
<Frame00008Target00001>
  <Type>"直行箭头绿灯"</Type>
  <Position>
    687 314 16 15</Position></Frame00008Target00001>
<Frame00008Target00002>
  <Type>"直行箭头绿灯"</Type>
  <Position>
    728 311 16 23</Position></Frame00008Target00002>
<Frame00008Target00003>
  <Type>"禁38-限制速度"</Type>
  <Position>
    780 352 15 15</Position></Frame00008Target00003>
<Frame00009TargetNumber>4</Frame00009TargetNumber>
<Frame00009Target00000>
  <Type>"禁38-限制速度"</Type>
  <Position>
    783 352 14 16</Position></Frame00009Target00000>
<Frame00009Target00001>
  <Type>"直行箭头绿灯"</Type>
  <Position>
    732 313 12 13</Position></Frame00009Target00001>
<Frame00009Target00002>
  <Type>"直行箭头绿灯"</Type>
  <Position>
    691 313 16 13</Position></Frame00009Target00002>
<Frame00009Target00003>
  <Type>"左转箭头绿灯"</Type>
  <Position>
    651 316 19 15</Position></Frame00009Target00003>
<Frame00010TargetNumber>4</Frame00010TargetNumber>
<Frame00010Target00000>
  <Type>"左转箭头绿灯"</Type>
  <Position>
    657 311 17 16</Position></Frame00010Target00000>
<Frame00010Target00001>
  <Type>"直行箭头绿灯"</Type>
  <Position>
    697 309 16 17</Position></Frame00010Target00001>
<Frame00010Target00002>
  <Type>"直行箭头绿灯"</Type>
  <Position>
    738 307 14 18</Position></Frame00010Target00002>
<Frame00010Target00003>
  <Type>"禁38-限制速度"</Type>
  <Position>
    792 350 11 14</Position></Frame00010Target00003>
<Frame00011TargetNumber>4</Frame00011TargetNumber>
<Frame00011Target00000>
  <Type>"禁38-限制速度"</Type>
  <Position>
    801 354 13 13</Position></Frame00011Target00000>
<Frame00011Target00001>
  <Type>"直行箭头绿灯"</Type>
  <Position>
    745 310 14 19</Position></Frame00011Target00001>
<Frame00011Target00002>
  <Type>"直行箭头绿灯"</Type>
  <Position>
    707 313 13 15</Position></Frame00011Target00002>
<Frame00011Target00003>
  <Type>"左转箭头绿灯"</Type>
  <Position>
    665 313 18 18</Position></Frame00011Target00003>
<Frame00012TargetNumber>4</Frame00012TargetNumber>
<Frame00012Target00000>
  <Type>"左转箭头绿灯"</Type>
  <Position>
    671 307 17 14</Position></Frame00012Target00000>
<Frame00012Target00001>
  <Type>"直行箭头绿灯"</Type>
  <Position>
    712 306 17 15</Position></Frame00012Target00001>
<Frame00012Target00002>
  <Type>"直行箭头绿灯"</Type>
  <Position>
    752 303 16 19</Position></Frame00012Target00002>
<Frame00012Target00003>
  <Type>"禁38-限制速度"</Type>
  <Position>
    809 346 16 15</Position></Frame00012Target00003>
<Frame00013TargetNumber>4</Frame00013TargetNumber>
<Frame00013Target00000>
  <Type>"禁38-限制速度"</Type>
  <Position>
    821 347 15 16</Position></Frame00013Target00000>
<Frame00013Target00001>
  <Type>"直行箭头绿灯"</Type>
  <Position>
    725 307 17 14</Position></Frame00013Target00001>
<Frame00013Target00002>
  <Type>"左转箭头绿灯"</Type>
  <Position>
    686 310 13 14</Position></Frame00013Target00002>
<Frame00013Target00003>
  <Type>"直行箭头绿灯"</Type>
  <Position>
    767 304 15 16</Position></Frame00013Target00003>
<Frame00014TargetNumber>4</Frame00014TargetNumber>
<Frame00014Target00000>
  <Type>"直行箭头绿灯"</Type>
  <Position>
    736 303 16 15</Position></Frame00014Target00000>
<Frame00014Target00001>
  <Type>"直行箭头绿灯"</Type>
  <Position>
    779 300 18 18</Position></Frame00014Target00001>
<Frame00014Target00002>
  <Type>"左转箭头绿灯"</Type>
  <Position>
    696 304 15 18</Position></Frame00014Target00002>
<Frame00014Target00003>
  <Type>"禁38-限制速度"</Type>
  <Position>
    837 343 14 16</Position></Frame00014Target00003>
<Frame00015TargetNumber>4</Frame00015TargetNumber>
<Frame00015Target00000>
  <Type>"禁38-限制速度"</Type>
  <Position>
    853 336 13 15</Position></Frame00015Target00000>
<Frame00015Target00001>
  <Type>"直行箭头绿灯"</Type>
  <Position>
    793 293 16 17</Position></Frame00015Target00001>
<Frame00015Target00002>
  <Type>"直行箭头绿灯"</Type>
  <Position>
    752 293 16 17</Position></Frame00015Target00002>
<Frame00015Target00003>
  <Type>"左转箭头绿灯"</Type>
  <Position>
    710 296 18 19</Position></Frame00015Target00003>
<Frame00016TargetNumber>4</Frame00016TargetNumber>
<Frame00016Target00000>
  <Type>"左转箭头绿灯"</Type>
  <Position>
    723 298 16 19</Position></Frame00016Target00000>
<Frame00016Target00001>
  <Type>"直行箭头绿灯"</Type>
  <Position>
    764 296 15 16</Position></Frame00016Target00001>
<Frame00016Target00002>
  <Type>"直行箭头绿灯"</Type>
  <Position>
    809 294 13 17</Position></Frame00016Target00002>
