<?xml version="1.0"?>
<opencv_storage>
<FrameNumber>11</FrameNumber>
<Frame00000TargetNumber>1</Frame00000TargetNumber>
<Frame00000Target00000>
  <Type>"警4-连续弯路"</Type>
  <Position>
    1013 214 42 35</Position></Frame00000Target00000>
<Frame00001TargetNumber>1</Frame00001TargetNumber>
<Frame00001Target00000>
  <Type>"警4-连续弯路"</Type>
  <Position>
    1027 209 37 38</Position></Frame00001Target00000>
<Frame00002TargetNumber>1</Frame00002TargetNumber>
<Frame00002Target00000>
  <Type>"警4-连续弯路"</Type>
  <Position>
    1052 201 43 42</Position></Frame00002Target00000>
<Frame00003TargetNumber>1</Frame00003TargetNumber>
<Frame00003Target00000>
  <Type>"警4-连续弯路"</Type>
  <Position>
    1066 198 45 44</Position></Frame00003Target00000>
<Frame00004TargetNumber>1</Frame00004TargetNumber>
<Frame00004Target00000>
  <Type>"警4-连续弯路"</Type>
  <Position>
    1081 193 47 43</Position></Frame00004Target00000>
<Frame00005TargetNumber>1</Frame00005TargetNumber>
<Frame00005Target00000>
  <Type>"警4-连续弯路"</Type>
  <Position>
    1097 185 49 47</Position></Frame00005Target00000>
<Frame00006TargetNumber>1</Frame00006TargetNumber>
<Frame00006Target00000>
  <Type>"警4-连续弯路"</Type>
  <Position>
    1114 180 53 50</Position></Frame00006Target00000>
<Frame00007TargetNumber>1</Frame00007TargetNumber>
<Frame00007Target00000>
  <Type>"警4-连续弯路"</Type>
  <Position>
    1134 177 52 52</Position></Frame00007Target00000>
<Frame00008TargetNumber>1</Frame00008TargetNumber>
<Frame00008Target00000>
  <Type>"警4-连续弯路"</Type>
  <Position>
    1155 173 57 50</Position></Frame00008Target00000>
<Frame00009TargetNumber>1</Frame00009TargetNumber>
<Frame00009Target00000>
  <Type>"警4-连续弯路"</Type>
  <Position>
    1179 172 58 51</Position></Frame00009Target00000>
<Frame00010TargetNumber>1</Frame00010TargetNumber>
<Frame00010Target00000>
  <Type>"警4-连续弯路"</Type>
  <Position>
    1204 166 62 52</Position></Frame00010Target00000>
</opencv_storage>
