<?xml version="1.0"?>
<opencv_storage>
<FrameNumber>12</FrameNumber>
<Frame00000TargetNumber>3</Frame00000TargetNumber>
<Frame00000Target00000>
  <Type>"禁38-限制速度"</Type>
  <Position>
    481 98 52 44</Position></Frame00000Target00000>
<Frame00000Target00001>
  <Type>"禁35-限制高度"</Type>
  <Position>
    615 98 52 47</Position></Frame00000Target00001>
<Frame00000Target00002>
  <Type>"禁37-限制轴重"</Type>
  <Position>
    738 96 52 53</Position></Frame00000Target00002>
<Frame00001TargetNumber>3</Frame00001TargetNumber>
<Frame00001Target00000>
  <Type>"禁37-限制轴重"</Type>
  <Position>
    735 97 51 50</Position></Frame00001Target00000>
<Frame00001Target00001>
  <Type>"禁35-限制高度"</Type>
  <Position>
    611 92 47 54</Position></Frame00001Target00001>
<Frame00001Target00002>
  <Type>"禁38-限制速度"</Type>
  <Position>
    472 95 54 49</Position></Frame00001Target00002>
<Frame00002TargetNumber>3</Frame00002TargetNumber>
<Frame00002Target00000>
  <Type>"禁38-限制速度"</Type>
  <Position>
    468 81 54 53</Position></Frame00002Target00000>
<Frame00002Target00001>
  <Type>"禁35-限制高度"</Type>
  <Position>
    609 86 52 50</Position></Frame00002Target00001>
<Frame00002Target00002>
  <Type>"禁37-限制轴重"</Type>
  <Position>
    745 88 50 53</Position></Frame00002Target00002>
<Frame00003TargetNumber>3</Frame00003TargetNumber>
<Frame00003Target00000>
  <Type>"禁37-限制轴重"</Type>
  <Position>
    747 89 50 55</Position></Frame00003Target00000>
<Frame00003Target00001>
  <Type>"禁35-限制高度"</Type>
  <Position>
    610 86 51 55</Position></Frame00003Target00001>
<Frame00003Target00002>
  <Type>"禁38-限制速度"</Type>
  <Position>
    459 82 57 54</Position></Frame00003Target00002>
<Frame00004TargetNumber>3</Frame00004TargetNumber>
<Frame00004Target00000>
  <Type>"禁38-限制速度"</Type>
  <Position>
    453 76 57 58</Position></Frame00004Target00000>
<Frame00004Target00001>
  <Type>"禁35-限制高度"</Type>
  <Position>
    607 78 54 56</Position></Frame00004Target00001>
<Frame00004Target00002>
  <Type>"禁37-限制轴重"</Type>
  <Position>
    748 82 53 61</Position></Frame00004Target00002>
<Frame00005TargetNumber>3</Frame00005TargetNumber>
<Frame00005Target00000>
  <Type>"禁37-限制轴重"</Type>
  <Position>
    750 62 57 58</Position></Frame00005Target00000>
<Frame00005Target00001>
  <Type>"禁35-限制高度"</Type>
  <Position>
    603 59 58 58</Position></Frame00005Target00001>
<Frame00005Target00002>
  <Type>"禁38-限制速度"</Type>
  <Position>
    439 58 61 61</Position></Frame00005Target00002>
<Frame00006TargetNumber>3</Frame00006TargetNumber>
<Frame00006Target00000>
  <Type>"禁38-限制速度"</Type>
  <Position>
    431 47 66 64</Position></Frame00006Target00000>
<Frame00006Target00001>
  <Type>"禁35-限制高度"</Type>
  <Position>
    604 53 54 63</Position></Frame00006Target00001>
<Frame00006Target00002>
  <Type>"禁37-限制轴重"</Type>
  <Position>
    756 57 55 61</Position></Frame00006Target00002>
<Frame00007TargetNumber>3</Frame00007TargetNumber>
<Frame00007Target00000>
  <Type>"禁37-限制轴重"</Type>
  <Position>
    762 62 58 60</Position></Frame00007Target00000>
<Frame00007Target00001>
  <Type>"禁35-限制高度"</Type>
  <Position>
    600 59 65 62</Position></Frame00007Target00001>
<Frame00007Target00002>
  <Type>"禁38-限制速度"</Type>
  <Position>
    423 50 67 68</Position></Frame00007Target00002>
<Frame00008TargetNumber>3</Frame00008TargetNumber>
<Frame00008Target00000>
  <Type>"禁38-限制速度"</Type>
  <Position>
    409 48 68 71</Position></Frame00008Target00000>
<Frame00008Target00001>
  <Type>"禁35-限制高度"</Type>
  <Position>
    592 56 68 62</Position></Frame00008Target00001>
<Frame00008Target00002>
  <Type>"禁37-限制轴重"</Type>
  <Position>
    762 56 58 61</Position></Frame00008Target00002>
<Frame00009TargetNumber>3</Frame00009TargetNumber>
<Frame00009Target00000>
  <Type>"禁37-限制轴重"</Type>
  <Position>
    768 39 56 65</Position></Frame00009Target00000>
<Frame00009Target00001>
  <Type>"禁35-限制高度"</Type>
  <Position>
    590 32 67 69</Position></Frame00009Target00001>
<Frame00009Target00002>
  <Type>"禁38-限制速度"</Type>
  <Position>
    398 25 73 73</Position></Frame00009Target00002>
<Frame00010TargetNumber>3</Frame00010TargetNumber>
<Frame00010Target00000>
  <Type>"禁38-限制速度"</Type>
  <Position>
    389 14 72 71</Position></Frame00010Target00000>
<Frame00010Target00001>
  <Type>"禁35-限制高度"</Type>
  <Position>
    588 23 71 71</Position></Frame00010Target00001>
<Frame00010Target00002>
  <Type>"禁37-限制轴重"</Type>
  <Position>
    767 26 71 69</Position></Frame00010Target00002>
<Frame00011TargetNumber>4</Frame00011TargetNumber>
<Frame00011Target00000>
  <Type>"禁37-限制轴重"</Type>
  <Position>
    777 25 71 67</Position></Frame00011Target00000>
<Frame00011Target00001>
  <Type>"禁35-限制高度"</Type>
  <Position>
    586 16 76 73</Position></Frame00011Target00001>
<Frame00011Target00002>
  <Type>"禁38-限制速度"</Type>
  <Position>
    372 8 79 79</Position></Frame00011Target00002>
<Frame00011Target00003>
  <Type>"禁38-限制速度"</Type>
  <Position>
    372 8 79 79</Position></Frame00011Target00003>
</opencv_storage>
