<?xml version="1.0"?>
<opencv_storage>
<FrameNumber>12</FrameNumber>
<Frame00000TargetNumber>1</Frame00000TargetNumber>
<Frame00000Target00000>
  <Type>"禁29-禁止超车"</Type>
  <Position>
    853 108 36 40</Position></Frame00000Target00000>
<Frame00001TargetNumber>1</Frame00001TargetNumber>
<Frame00001Target00000>
  <Type>"禁29-禁止超车"</Type>
  <Position>
    856 104 35 39</Position></Frame00001Target00000>
<Frame00002TargetNumber>1</Frame00002TargetNumber>
<Frame00002Target00000>
  <Type>"禁29-禁止超车"</Type>
  <Position>
    860 102 34 36</Position></Frame00002Target00000>
<Frame00003TargetNumber>1</Frame00003TargetNumber>
<Frame00003Target00000>
  <Type>"禁29-禁止超车"</Type>
  <Position>
    862 96 37 38</Position></Frame00003Target00000>
<Frame00004TargetNumber>1</Frame00004TargetNumber>
<Frame00004Target00000>
  <Type>"禁29-禁止超车"</Type>
  <Position>
    866 94 37 37</Position></Frame00004Target00000>
<Frame00005TargetNumber>1</Frame00005TargetNumber>
<Frame00005Target00000>
  <Type>"禁29-禁止超车"</Type>
  <Position>
    868 91 39 37</Position></Frame00005Target00000>
<Frame00006TargetNumber>1</Frame00006TargetNumber>
<Frame00006Target00000>
  <Type>"禁29-禁止超车"</Type>
  <Position>
    872 83 39 40</Position></Frame00006Target00000>
<Frame00007TargetNumber>1</Frame00007TargetNumber>
<Frame00007Target00000>
  <Type>"禁29-禁止超车"</Type>
  <Position>
    875 79 40 40</Position></Frame00007Target00000>
<Frame00008TargetNumber>1</Frame00008TargetNumber>
<Frame00008Target00000>
  <Type>"禁29-禁止超车"</Type>
  <Position>
    879 72 41 40</Position></Frame00008Target00000>
<Frame00009TargetNumber>1</Frame00009TargetNumber>
<Frame00009Target00000>
  <Type>"禁29-禁止超车"</Type>
  <Position>
    884 66 41 40</Position></Frame00009Target00000>
<Frame00010TargetNumber>1</Frame00010TargetNumber>
<Frame00010Target00000>
  <Type>"禁29-禁止超车"</Type>
  <Position>
    887 58 44 42</Position></Frame00010Target00000>
<Frame00011TargetNumber>1</Frame00011TargetNumber>
<Frame00011Target00000>
  <Type>"禁29-禁止超车"</Type>
  <Position>
    892 52 43 44</Position></Frame00011Target00000>
</opencv_storage>
