<?xml version="1.0"?>
<opencv_storage>
<FrameNumber>17</FrameNumber>
<Frame00000TargetNumber>1</Frame00000TargetNumber>
<Frame00000Target00000>
  <Type>"警5-上陡坡"</Type>
  <Position>
    927 257 69 60</Position></Frame00000Target00000>
<Frame00001TargetNumber>1</Frame00001TargetNumber>
<Frame00001Target00000>
  <Type>"警5-上陡坡"</Type>
  <Position>
    935 258 71 61</Position></Frame00001Target00000>
<Frame00002TargetNumber>1</Frame00002TargetNumber>
<Frame00002Target00000>
  <Type>"警5-上陡坡"</Type>
  <Position>
    942 256 74 65</Position></Frame00002Target00000>
<Frame00003TargetNumber>1</Frame00003TargetNumber>
<Frame00003Target00000>
  <Type>"警5-上陡坡"</Type>
  <Position>
    951 254 77 69</Position></Frame00003Target00000>
<Frame00004TargetNumber>1</Frame00004TargetNumber>
<Frame00004Target00000>
  <Type>"警5-上陡坡"</Type>
  <Position>
    957 247 81 77</Position></Frame00004Target00000>
<Frame00005TargetNumber>1</Frame00005TargetNumber>
<Frame00005Target00000>
  <Type>"警5-上陡坡"</Type>
  <Position>
    963 246 88 76</Position></Frame00005Target00000>
<Frame00006TargetNumber>1</Frame00006TargetNumber>
<Frame00006Target00000>
  <Type>"警5-上陡坡"</Type>
  <Position>
    974 245 89 78</Position></Frame00006Target00000>
<Frame00007TargetNumber>1</Frame00007TargetNumber>
<Frame00007Target00000>
  <Type>"警5-上陡坡"</Type>
  <Position>
    986 242 92 82</Position></Frame00007Target00000>
<Frame00008TargetNumber>1</Frame00008TargetNumber>
<Frame00008Target00000>
  <Type>"警5-上陡坡"</Type>
  <Position>
    996 231 97 88</Position></Frame00008Target00000>
<Frame00009TargetNumber>1</Frame00009TargetNumber>
<Frame00009Target00000>
  <Type>"警5-上陡坡"</Type>
  <Position>
    1006 230 104 89</Position></Frame00009Target00000>
<Frame00010TargetNumber>1</Frame00010TargetNumber>
<Frame00010Target00000>
  <Type>"警5-上陡坡"</Type>
  <Position>
    1018 224 110 97</Position></Frame00010Target00000>
<Frame00011TargetNumber>1</Frame00011TargetNumber>
<Frame00011Target00000>
  <Type>"警5-上陡坡"</Type>
  <Position>
    1032 221 117 98</Position></Frame00011Target00000>
<Frame00012TargetNumber>1</Frame00012TargetNumber>
<Frame00012Target00000>
  <Type>"警5-上陡坡"</Type>
  <Position>
    1047 213 120 105</Position></Frame00012Target00000>
<Frame00013TargetNumber>1</Frame00013TargetNumber>
<Frame00013Target00000>
  <Type>"警5-上陡坡"</Type>
  <Position>
    1066 202 126 114</Position></Frame00013Target00000>
<Frame00014TargetNumber>1</Frame00014TargetNumber>
<Frame00014Target00000>
  <Type>"警5-上陡坡"</Type>
  <Position>
    1087 193 131 120</Position></Frame00014Target00000>
<Frame00015TargetNumber>1</Frame00015TargetNumber>
<Frame00015Target00000>
  <Type>"警5-上陡坡"</Type>
  <Position>
    1107 187 147 129</Position></Frame00015Target00000>
<Frame00016TargetNumber>1</Frame00016TargetNumber>
<Frame00016Target00000>
  <Type>"警5-上陡坡"</Type>
  <Position>
    1133 173 149 151</Position></Frame00016Target00000>
</opencv_storage>
