<?xml version="1.0"?>
<opencv_storage>
<FrameNumber>14</FrameNumber>
<Frame00000TargetNumber>1</Frame00000TargetNumber>
<Frame00000Target00000>
  <Type>"禁22-禁止向左转弯"</Type>
  <Position>
    702 287 80 73</Position></Frame00000Target00000>
<Frame00001TargetNumber>1</Frame00001TargetNumber>
<Frame00001Target00000>
  <Type>"禁22-禁止向左转弯"</Type>
  <Position>
    675 285 77 73</Position></Frame00001Target00000>
<Frame00002TargetNumber>1</Frame00002TargetNumber>
<Frame00002Target00000>
  <Type>"禁22-禁止向左转弯"</Type>
  <Position>
    615 285 78 76</Position></Frame00002Target00000>
<Frame00003TargetNumber>1</Frame00003TargetNumber>
<Frame00003Target00000>
  <Type>"禁22-禁止向左转弯"</Type>
  <Position>
    542 285 80 77</Position></Frame00003Target00000>
<Frame00004TargetNumber>1</Frame00004TargetNumber>
<Frame00004Target00000>
  <Type>"禁22-禁止向左转弯"</Type>
  <Position>
    502 284 82 79</Position></Frame00004Target00000>
<Frame00005TargetNumber>1</Frame00005TargetNumber>
<Frame00005Target00000>
  <Type>"禁22-禁止向左转弯"</Type>
  <Position>
    459 283 84 81</Position></Frame00005Target00000>
<Frame00006TargetNumber>1</Frame00006TargetNumber>
<Frame00006Target00000>
  <Type>"禁22-禁止向左转弯"</Type>
  <Position>
    414 282 86 81</Position></Frame00006Target00000>
<Frame00007TargetNumber>1</Frame00007TargetNumber>
<Frame00007Target00000>
  <Type>"禁22-禁止向左转弯"</Type>
  <Position>
    364 278 90 85</Position></Frame00007Target00000>
<Frame00008TargetNumber>1</Frame00008TargetNumber>
<Frame00008Target00000>
  <Type>"禁22-禁止向左转弯"</Type>
  <Position>
    312 275 93 90</Position></Frame00008Target00000>
<Frame00009TargetNumber>1</Frame00009TargetNumber>
<Frame00009Target00000>
  <Type>"禁22-禁止向左转弯"</Type>
  <Position>
    261 280 96 86</Position></Frame00009Target00000>
<Frame00010TargetNumber>1</Frame00010TargetNumber>
<Frame00010Target00000>
  <Type>"禁22-禁止向左转弯"</Type>
  <Position>
    206 276 99 93</Position></Frame00010Target00000>
<Frame00011TargetNumber>1</Frame00011TargetNumber>
<Frame00011Target00000>
  <Type>"禁22-禁止向左转弯"</Type>
  <Position>
    148 278 102 91</Position></Frame00011Target00000>
<Frame00012TargetNumber>1</Frame00012TargetNumber>
<Frame00012Target00000>
  <Type>"禁22-禁止向左转弯"</Type>
  <Position>
    89 276 109 96</Position></Frame00012Target00000>
<Frame00013TargetNumber>1</Frame00013TargetNumber>
<Frame00013Target00000>
  <Type>"禁22-禁止向左转弯"</Type>
  <Position>
    29 272 109 100</Position></Frame00013Target00000>
</opencv_storage>
