<?xml version="1.0" encoding="UTF-8"?>
<opencv_storage>
<FrameNumber>21</FrameNumber>
<Frame00000TargetNumber>1</Frame00000TargetNumber>
<Frame00000Target00000>
  <Type>"警7-左侧变窄"</Type>
  <Position>
    806 337 31 26</Position></Frame00000Target00000>
<Frame00001TargetNumber>1</Frame00001TargetNumber>
<Frame00001Target00000>
  <Type>"警7-左侧变窄"</Type>
  <Position>
    811 340 32 26</Position></Frame00001Target00000>
<Frame00002TargetNumber>1</Frame00002TargetNumber>
<Frame00002Target00000>
  <Type>"警7-左侧变窄"</Type>
  <Position>
    817 328 33 29</Position></Frame00002Target00000>
<Frame00003TargetNumber>1</Frame00003TargetNumber>
<Frame00003Target00000>
  <Type>"警7-左侧变窄"</Type>
  <Position>
    822 324 37 31</Position></Frame00003Target00000>
<Frame00004TargetNumber>1</Frame00004TargetNumber>
<Frame00004Target00000>
  <Type>"警7-左侧变窄"</Type>
  <Position>
    825 326 40 34</Position></Frame00004Target00000>
<Frame00005TargetNumber>1</Frame00005TargetNumber>
<Frame00005Target00000>
  <Type>"警7-左侧变窄"</Type>
  <Position>
    834 331 39 32</Position></Frame00005Target00000>
<Frame00006TargetNumber>1</Frame00006TargetNumber>
<Frame00006Target00000>
  <Type>"警7-左侧变窄"</Type>
  <Position>
    844 328 39 36</Position></Frame00006Target00000>
<Frame00007TargetNumber>1</Frame00007TargetNumber>
<Frame00007Target00000>
  <Type>"警7-左侧变窄"</Type>
  <Position>
    848 331 43 36</Position></Frame00007Target00000>
<Frame00008TargetNumber>1</Frame00008TargetNumber>
<Frame00008Target00000>
  <Type>"警7-左侧变窄"</Type>
  <Position>
    861 318 44 41</Position></Frame00008Target00000>
<Frame00009TargetNumber>1</Frame00009TargetNumber>
<Frame00009Target00000>
  <Type>"警7-左侧变窄"</Type>
  <Position>
    869 321 47 37</Position></Frame00009Target00000>
<Frame00010TargetNumber>1</Frame00010TargetNumber>
<Frame00010Target00000>
  <Type>"警7-左侧变窄"</Type>
  <Position>
    881 318 51 38</Position></Frame00010Target00000>
<Frame00011TargetNumber>1</Frame00011TargetNumber>
<Frame00011Target00000>
  <Type>"警7-左侧变窄"</Type>
  <Position>
    894 304 51 43</Position></Frame00011Target00000>
<Frame00012TargetNumber>1</Frame00012TargetNumber>
<Frame00012Target00000>
  <Type>"警7-左侧变窄"</Type>
  <Position>
    906 298 54 43</Position></Frame00012Target00000>
<Frame00013TargetNumber>1</Frame00013TargetNumber>
<Frame00013Target00000>
  <Type>"警7-左侧变窄"</Type>
  <Position>
    922 289 59 49</Position></Frame00013Target00000>
<Frame00014TargetNumber>1</Frame00014TargetNumber>
<Frame00014Target00000>
  <Type>"警7-左侧变窄"</Type>
  <Position>
    939 280 62 52</Position></Frame00014Target00000>
<Frame00015TargetNumber>1</Frame00015TargetNumber>
<Frame00015Target00000>
  <Type>"警7-左侧变窄"</Type>
  <Position>
    955 284 70 56</Position></Frame00015Target00000>
<Frame00016TargetNumber>1</Frame00016TargetNumber>
<Frame00016Target00000>
  <Type>"警7-左侧变窄"</Type>
  <Position>
    980 272 74 62</Position></Frame00016Target00000>
<Frame00017TargetNumber>1</Frame00017TargetNumber>
<Frame00017Target00000>
  <Type>"警7-左侧变窄"</Type>
  <Position>
    1007 261 80 70</Position></Frame00017Target00000>
<Frame00018TargetNumber>1</Frame00018TargetNumber>
<Frame00018Target00000>
  <Type>"警7-左侧变窄"</Type>
  <Position>
    1036 247 95 79</Position></Frame00018Target00000>
<Frame00019TargetNumber>1</Frame00019TargetNumber>
<Frame00019Target00000>
  <Type>"警7-左侧变窄"</Type>
  <Position>
    1081 227 98 91</Position></Frame00019Target00000>
<Frame00020TargetNumber>1</Frame00020TargetNumber>
<Frame00020Target00000>
  <Type>"警7-左侧变窄"</Type>
  <Position>
    1128 211 116 102</Position></Frame00020Target00000>
</opencv_storage>
