<?xml version="1.0"?>
<opencv_storage>
<FrameNumber>23</FrameNumber>
<Frame00000TargetNumber>1</Frame00000TargetNumber>
<Frame00000Target00000>
  <Type>"禁31-禁止停车"</Type>
  <Position>
    1027 164 52 53</Position></Frame00000Target00000>
<Frame00001TargetNumber>1</Frame00001TargetNumber>
<Frame00001Target00000>
  <Type>"禁31-禁止停车"</Type>
  <Position>
    1009 158 53 57</Position></Frame00001Target00000>
<Frame00002TargetNumber>1</Frame00002TargetNumber>
<Frame00002Target00000>
  <Type>"禁31-禁止停车"</Type>
  <Position>
    997 155 51 57</Position></Frame00002Target00000>
<Frame00003TargetNumber>1</Frame00003TargetNumber>
<Frame00003Target00000>
  <Type>"禁31-禁止停车"</Type>
  <Position>
    980 150 54 60</Position></Frame00003Target00000>
<Frame00004TargetNumber>1</Frame00004TargetNumber>
<Frame00004Target00000>
  <Type>"禁31-禁止停车"</Type>
  <Position>
    965 151 55 55</Position></Frame00004Target00000>
<Frame00005TargetNumber>1</Frame00005TargetNumber>
<Frame00005Target00000>
  <Type>"禁31-禁止停车"</Type>
  <Position>
    956 148 55 58</Position></Frame00005Target00000>
<Frame00006TargetNumber>1</Frame00006TargetNumber>
<Frame00006Target00000>
  <Type>"禁31-禁止停车"</Type>
  <Position>
    946 145 54 58</Position></Frame00006Target00000>
<Frame00007TargetNumber>1</Frame00007TargetNumber>
<Frame00007Target00000>
  <Type>"禁31-禁止停车"</Type>
  <Position>
    939 141 55 59</Position></Frame00007Target00000>
<Frame00008TargetNumber>1</Frame00008TargetNumber>
<Frame00008Target00000>
  <Type>"禁31-禁止停车"</Type>
  <Position>
    932 132 59 66</Position></Frame00008Target00000>
<Frame00009TargetNumber>1</Frame00009TargetNumber>
<Frame00009Target00000>
  <Type>"禁31-禁止停车"</Type>
  <Position>
    929 131 57 60</Position></Frame00009Target00000>
<Frame00010TargetNumber>1</Frame00010TargetNumber>
<Frame00010Target00000>
  <Type>"禁31-禁止停车"</Type>
  <Position>
    924 131 61 61</Position></Frame00010Target00000>
<Frame00011TargetNumber>1</Frame00011TargetNumber>
<Frame00011Target00000>
  <Type>"禁31-禁止停车"</Type>
  <Position>
    923 126 60 61</Position></Frame00011Target00000>
<Frame00012TargetNumber>1</Frame00012TargetNumber>
<Frame00012Target00000>
  <Type>"禁31-禁止停车"</Type>
  <Position>
    921 115 62 68</Position></Frame00012Target00000>
<Frame00013TargetNumber>1</Frame00013TargetNumber>
<Frame00013Target00000>
  <Type>"禁31-禁止停车"</Type>
  <Position>
    921 114 63 64</Position></Frame00013Target00000>
<Frame00014TargetNumber>1</Frame00014TargetNumber>
<Frame00014Target00000>
  <Type>"禁31-禁止停车"</Type>
  <Position>
    923 108 61 62</Position></Frame00014Target00000>
<Frame00015TargetNumber>1</Frame00015TargetNumber>
<Frame00015Target00000>
  <Type>"禁31-禁止停车"</Type>
  <Position>
    926 100 61 69</Position></Frame00015Target00000>
<Frame00016TargetNumber>1</Frame00016TargetNumber>
<Frame00016Target00000>
  <Type>"禁31-禁止停车"</Type>
  <Position>
    927 95 63 69</Position></Frame00016Target00000>
<Frame00017TargetNumber>1</Frame00017TargetNumber>
<Frame00017Target00000>
  <Type>"禁31-禁止停车"</Type>
  <Position>
    931 86 65 73</Position></Frame00017Target00000>
<Frame00018TargetNumber>1</Frame00018TargetNumber>
<Frame00018Target00000>
  <Type>"禁31-禁止停车"</Type>
  <Position>
    938 78 66 77</Position></Frame00018Target00000>
<Frame00019TargetNumber>1</Frame00019TargetNumber>
<Frame00019Target00000>
  <Type>"禁31-禁止停车"</Type>
  <Position>
    944 77 69 75</Position></Frame00019Target00000>
<Frame00020TargetNumber>1</Frame00020TargetNumber>
<Frame00020Target00000>
  <Type>"禁31-禁止停车"</Type>
  <Position>
    953 75 68 74</Position></Frame00020Target00000>
<Frame00021TargetNumber>1</Frame00021TargetNumber>
<Frame00021Target00000>
  <Type>"禁31-禁止停车"</Type>
  <Position>
    961 66 69 78</Position></Frame00021Target00000>
<Frame00022TargetNumber>1</Frame00022TargetNumber>
<Frame00022Target00000>
  <Type>"禁31-禁止停车"</Type>
  <Position>
    971 65 70 75</Position></Frame00022Target00000>
</opencv_storage>
