<?xml version="1.0"?>
<opencv_storage>
<FrameNumber>122</FrameNumber>
<Frame00000TargetNumber>1</Frame00000TargetNumber>
<Frame00000Target00000>
  <Type>"禁28-禁止掉头"</Type>
  <Position>
    578 313 15 18</Position></Frame00000Target00000>
<Frame00001TargetNumber>1</Frame00001TargetNumber>
<Frame00001Target00000>
  <Type>"禁28-禁止掉头"</Type>
  <Position>
    580 312 20 22</Position></Frame00001Target00000>
<Frame00002TargetNumber>1</Frame00002TargetNumber>
<Frame00002Target00000>
  <Type>"禁28-禁止掉头"</Type>
  <Position>
    586 319 23 19</Position></Frame00002Target00000>
<Frame00003TargetNumber>1</Frame00003TargetNumber>
<Frame00003Target00000>
  <Type>"禁28-禁止掉头"</Type>
  <Position>
    596 319 17 19</Position></Frame00003Target00000>
<Frame00004TargetNumber>1</Frame00004TargetNumber>
<Frame00004Target00000>
  <Type>"禁28-禁止掉头"</Type>
  <Position>
    596 311 21 20</Position></Frame00004Target00000>
<Frame00005TargetNumber>2</Frame00005TargetNumber>
<Frame00005Target00000>
  <Type>"禁28-禁止掉头"</Type>
  <Position>
    586 308 20 22</Position></Frame00005Target00000>
<Frame00005Target00001>
  <Type>"圆形绿灯"</Type>
  <Position>
    688 340 11 14</Position></Frame00005Target00001>
<Frame00006TargetNumber>2</Frame00006TargetNumber>
<Frame00006Target00000>
  <Type>"圆形绿灯"</Type>
  <Position>
    678 343 10 11</Position></Frame00006Target00000>
<Frame00006Target00001>
  <Type>"禁28-禁止掉头"</Type>
  <Position>
    577 312 23 21</Position></Frame00006Target00001>
<Frame00007TargetNumber>2</Frame00007TargetNumber>
<Frame00007Target00000>
  <Type>"禁28-禁止掉头"</Type>
  <Position>
    570 311 20 21</Position></Frame00007Target00000>
<Frame00007Target00001>
  <Type>"圆形红灯"</Type>
  <Position>
    672 341 12 12</Position></Frame00007Target00001>
<Frame00008TargetNumber>2</Frame00008TargetNumber>
<Frame00008Target00000>
  <Type>"圆形红灯"</Type>
  <Position>
    672 339 8 10</Position></Frame00008Target00000>
<Frame00008Target00001>
  <Type>"禁28-禁止掉头"</Type>
  <Position>
    565 305 19 21</Position></Frame00008Target00001>
<Frame00009TargetNumber>2</Frame00009TargetNumber>
<Frame00009Target00000>
  <Type>"禁28-禁止掉头"</Type>
  <Position>
    566 302 19 22</Position></Frame00009Target00000>
<Frame00009Target00001>
  <Type>"圆形红灯"</Type>
  <Position>
    674 336 11 10</Position></Frame00009Target00001>
<Frame00010TargetNumber>2</Frame00010TargetNumber>
<Frame00010Target00000>
  <Type>"圆形红灯"</Type>
  <Position>
    679 340 9 11</Position></Frame00010Target00000>
<Frame00010Target00001>
  <Type>"禁28-禁止掉头"</Type>
  <Position>
    570 307 20 19</Position></Frame00010Target00001>
<Frame00011TargetNumber>2</Frame00011TargetNumber>
<Frame00011Target00000>
  <Type>"禁28-禁止掉头"</Type>
  <Position>
    577 307 22 22</Position></Frame00011Target00000>
<Frame00011Target00001>
  <Type>"圆形红灯"</Type>
  <Position>
    690 344 11 10</Position></Frame00011Target00001>
<Frame00012TargetNumber>1</Frame00012TargetNumber>
<Frame00012Target00000>
  <Type>"禁28-禁止掉头"</Type>
  <Position>
    573 302 21 22</Position></Frame00012Target00000>
<Frame00013TargetNumber>2</Frame00013TargetNumber>
<Frame00013Target00000>
  <Type>"禁28-禁止掉头"</Type>
  <Position>
    574 309 22 22</Position></Frame00013Target00000>
<Frame00013Target00001>
  <Type>"圆形红灯"</Type>
  <Position>
    691 350 10 12</Position></Frame00013Target00001>
<Frame00014TargetNumber>3</Frame00014TargetNumber>
<Frame00014Target00000>
  <Type>"圆形红灯"</Type>
  <Position>
    707 342 11 10</Position></Frame00014Target00000>
<Frame00014Target00001>
  <Type>"圆形红灯"</Type>
  <Position>
    695 342 8 9</Position></Frame00014Target00001>
<Frame00014Target00002>
  <Type>"禁28-禁止掉头"</Type>
  <Position>
    588 301 25 21</Position></Frame00014Target00002>
<Frame00015TargetNumber>3</Frame00015TargetNumber>
<Frame00015Target00000>
  <Type>"禁28-禁止掉头"</Type>
  <Position>
    591 300 23 23</Position></Frame00015Target00000>
<Frame00015Target00001>
  <Type>"圆形红灯"</Type>
  <Position>
    702 347 9 8</Position></Frame00015Target00001>
<Frame00015Target00002>
  <Type>"圆形红灯"</Type>
  <Position>
    716 345 11 12</Position></Frame00015Target00002>
<Frame00016TargetNumber>1</Frame00016TargetNumber>
<Frame00016Target00000>
  <Type>"禁28-禁止掉头"</Type>
  <Position>
    578 290 24 23</Position></Frame00016Target00000>
<Frame00017TargetNumber>1</Frame00017TargetNumber>
<Frame00017Target00000>
  <Type>"禁28-禁止掉头"</Type>
  <Position>
    569 282 27 26</Position></Frame00017Target00000>
<Frame00018TargetNumber>1</Frame00018TargetNumber>
<Frame00018Target00000>
  <Type>"禁28-禁止掉头"</Type>
  <Position>
    568 277 28 28</Position></Frame00018Target00000>
<Frame00019TargetNumber>1</Frame00019TargetNumber>
<Frame00019Target00000>
  <Type>"禁28-禁止掉头"</Type>
  <Position>
    566 277 29 28</Position></Frame00019Target00000>
<Frame00020TargetNumber>1</Frame00020TargetNumber>
<Frame00020Target00000>
  <Type>"禁28-禁止掉头"</Type>
  <Position>
    566 277 30 31</Position></Frame00020Target00000>
<Frame00021TargetNumber>1</Frame00021TargetNumber>
<Frame00021Target00000>
  <Type>"禁28-禁止掉头"</Type>
  <Position>
    557 273 29 31</Position></Frame00021Target00000>
<Frame00022TargetNumber>1</Frame00022TargetNumber>
<Frame00022Target00000>
  <Type>"禁28-禁止掉头"</Type>
  <Position>
    535 267 30 32</Position></Frame00022Target00000>
<Frame00023TargetNumber>1</Frame00023TargetNumber>
<Frame00023Target00000>
  <Type>"禁28-禁止掉头"</Type>
  <Position>
    507 261 31 34</Position></Frame00023Target00000>
<Frame00024TargetNumber>1</Frame00024TargetNumber>
<Frame00024Target00000>
  <Type>"禁28-禁止掉头"</Type>
  <Position>
    480 253 32 35</Position></Frame00024Target00000>
<Frame00025TargetNumber>1</Frame00025TargetNumber>
<Frame00025Target00000>
  <Type>"禁28-禁止掉头"</Type>
  <Position>
    464 255 34 36</Position></Frame00025Target00000>
<Frame00026TargetNumber>2</Frame00026TargetNumber>
<Frame00026Target00000>
  <Type>"禁28-禁止掉头"</Type>
  <Position>
    426 235 39 43</Position></Frame00026Target00000>
<Frame00026Target00001>
  <Type>"圆形红灯"</Type>
  <Position>
    639 331 11 15</Position></Frame00026Target00001>
<Frame00027TargetNumber>2</Frame00027TargetNumber>
<Frame00027Target00000>
  <Type>"圆形红灯"</Type>
  <Position>
    640 330 11 12</Position></Frame00027Target00000>
<Frame00027Target00001>
  <Type>"禁28-禁止掉头"</Type>
  <Position>
    414 230 41 42</Position></Frame00027Target00001>
<Frame00028TargetNumber>3</Frame00028TargetNumber>
<Frame00028Target00000>
  <Type>"禁28-禁止掉头"</Type>
  <Position>
    423 212 52 48</Position></Frame00028Target00000>
<Frame00028Target00001>
  <Type>"圆形红灯"</Type>
  <Position>
    667 333 12 12</Position></Frame00028Target00001>
<Frame00028Target00002>
  <Type>"圆形红灯"</Type>
  <Position>
    683 334 10 9</Position></Frame00028Target00002>
<Frame00029TargetNumber>3</Frame00029TargetNumber>
<Frame00029Target00000>
  <Type>"圆形红灯"</Type>
  <Position>
    718 335 11 14</Position></Frame00029Target00000>
<Frame00029Target00001>
  <Type>"圆形红灯"</Type>
  <Position>
    701 335 12 12</Position></Frame00029Target00001>
<Frame00029Target00002>
  <Type>"禁28-禁止掉头"</Type>
  <Position>
    433 195 56 56</Position></Frame00029Target00002>
<Frame00030TargetNumber>3</Frame00030TargetNumber>
<Frame00030Target00000>
  <Type>"禁28-禁止掉头"</Type>
  <Position>
    411 169 65 64</Position></Frame00030Target00000>
<Frame00030Target00001>
  <Type>"圆形红灯"</Type>
  <Position>
    719 337 10 12</Position></Frame00030Target00001>
<Frame00030Target00002>
  <Type>"圆形红灯"</Type>
  <Position>
    734 337 16 12</Position></Frame00030Target00002>
<Frame00031TargetNumber>3</Frame00031TargetNumber>
<Frame00031Target00000>
  <Type>"圆形红灯"</Type>
  <Position>
    716 334 11 11</Position></Frame00031Target00000>
