<?xml version="1.0"?>
<opencv_storage>
<FrameNumber>60</FrameNumber>
<Frame00000TargetNumber>3</Frame00000TargetNumber>
<Frame00000Target00000>
  <Type>"圆形绿灯"</Type>
  <Position>
    698 338 8 10</Position></Frame00000Target00000>
<Frame00000Target00001>
  <Type>"圆形绿灯"</Type>
  <Position>
    731 342 7 6</Position></Frame00000Target00001>
<Frame00000Target00002>
  <Type>"圆形绿灯"</Type>
  <Position>
    763 342 6 9</Position></Frame00000Target00002>
<Frame00001TargetNumber>3</Frame00001TargetNumber>
<Frame00001Target00000>
  <Type>"圆形绿灯"</Type>
  <Position>
    755 338 8 9</Position></Frame00001Target00000>
<Frame00001Target00001>
  <Type>"圆形绿灯"</Type>
  <Position>
    723 334 8 10</Position></Frame00001Target00001>
<Frame00001Target00002>
  <Type>"圆形绿灯"</Type>
  <Position>
    689 334 9 9</Position></Frame00001Target00002>
<Frame00002TargetNumber>3</Frame00002TargetNumber>
<Frame00002Target00000>
  <Type>"圆形绿灯"</Type>
  <Position>
    681 332 10 14</Position></Frame00002Target00000>
<Frame00002Target00001>
  <Type>"圆形绿灯"</Type>
  <Position>
    714 334 12 8</Position></Frame00002Target00001>
<Frame00002Target00002>
  <Type>"圆形绿灯"</Type>
  <Position>
    747 334 13 12</Position></Frame00002Target00002>
<Frame00003TargetNumber>3</Frame00003TargetNumber>
<Frame00003Target00000>
  <Type>"圆形绿灯"</Type>
  <Position>
    720 325 10 12</Position></Frame00003Target00000>
<Frame00003Target00001>
  <Type>"圆形绿灯"</Type>
  <Position>
    754 326 10 12</Position></Frame00003Target00001>
<Frame00003Target00002>
  <Type>"圆形绿灯"</Type>
  <Position>
    787 327 11 13</Position></Frame00003Target00002>
<Frame00004TargetNumber>3</Frame00004TargetNumber>
<Frame00004Target00000>
  <Type>"圆形绿灯"</Type>
  <Position>
    763 319 11 11</Position></Frame00004Target00000>
<Frame00004Target00001>
  <Type>"圆形绿灯"</Type>
  <Position>
    798 320 11 11</Position></Frame00004Target00001>
<Frame00004Target00002>
  <Type>"圆形绿灯"</Type>
  <Position>
    832 320 12 9</Position></Frame00004Target00002>
<Frame00005TargetNumber>3</Frame00005TargetNumber>
<Frame00005Target00000>
  <Type>"圆形绿灯"</Type>
  <Position>
    790 323 12 9</Position></Frame00005Target00000>
<Frame00005Target00001>
  <Type>"圆形绿灯"</Type>
  <Position>
    824 323 15 12</Position></Frame00005Target00001>
<Frame00005Target00002>
  <Type>"圆形绿灯"</Type>
  <Position>
    862 323 11 11</Position></Frame00005Target00002>
<Frame00006TargetNumber>3</Frame00006TargetNumber>
<Frame00006Target00000>
  <Type>"圆形绿灯"</Type>
  <Position>
    807 326 10 12</Position></Frame00006Target00000>
<Frame00006Target00001>
  <Type>"圆形绿灯"</Type>
  <Position>
    841 326 13 13</Position></Frame00006Target00001>
<Frame00006Target00002>
  <Type>"圆形绿灯"</Type>
  <Position>
    877 330 9 8</Position></Frame00006Target00002>
<Frame00007TargetNumber>3</Frame00007TargetNumber>
<Frame00007Target00000>
  <Type>"圆形黄灯"</Type>
  <Position>
    879 324 11 11</Position></Frame00007Target00000>
<Frame00007Target00001>
  <Type>"圆形黄灯"</Type>
  <Position>
    808 324 9 9</Position></Frame00007Target00001>
<Frame00007Target00002>
  <Type>"圆形黄灯"</Type>
  <Position>
    844 324 9 8</Position></Frame00007Target00002>
<Frame00008TargetNumber>3</Frame00008TargetNumber>
<Frame00008Target00000>
  <Type>"圆形黄灯"</Type>
  <Position>
    807 323 8 8</Position></Frame00008Target00000>
<Frame00008Target00001>
  <Type>"圆形黄灯"</Type>
  <Position>
    841 323 13 10</Position></Frame00008Target00001>
<Frame00008Target00002>
  <Type>"圆形黄灯"</Type>
  <Position>
    880 323 7 12</Position></Frame00008Target00002>
<Frame00009TargetNumber>3</Frame00009TargetNumber>
<Frame00009Target00000>
  <Type>"圆形黄灯"</Type>
  <Position>
    876 322 11 10</Position></Frame00009Target00000>
<Frame00009Target00001>
  <Type>"圆形黄灯"</Type>
  <Position>
    839 322 11 8</Position></Frame00009Target00001>
<Frame00009Target00002>
  <Type>"圆形黄灯"</Type>
  <Position>
    804 321 9 9</Position></Frame00009Target00002>
<Frame00010TargetNumber>3</Frame00010TargetNumber>
<Frame00010Target00000>
  <Type>"圆形黄灯"</Type>
  <Position>
    875 312 9 9</Position></Frame00010Target00000>
<Frame00010Target00001>
  <Type>"圆形黄灯"</Type>
  <Position>
    797 310 9 10</Position></Frame00010Target00001>
<Frame00010Target00002>
  <Type>"圆形黄灯"</Type>
  <Position>
    836 312 7 6</Position></Frame00010Target00002>
<Frame00011TargetNumber>3</Frame00011TargetNumber>
<Frame00011Target00000>
  <Type>"圆形黄灯"</Type>
  <Position>
    869 306 10 8</Position></Frame00011Target00000>
<Frame00011Target00001>
  <Type>"圆形黄灯"</Type>
  <Position>
    833 306 8 8</Position></Frame00011Target00001>
<Frame00011Target00002>
  <Type>"圆形黄灯"</Type>
  <Position>
    793 305 7 8</Position></Frame00011Target00002>
<Frame00012TargetNumber>3</Frame00012TargetNumber>
<Frame00012Target00000>
  <Type>"圆形黄灯"</Type>
  <Position>
    869 307 8 10</Position></Frame00012Target00000>
<Frame00012Target00001>
  <Type>"圆形黄灯"</Type>
  <Position>
    829 303 8 12</Position></Frame00012Target00001>
<Frame00012Target00002>
  <Type>"圆形黄灯"</Type>
  <Position>
    789 305 8 8</Position></Frame00012Target00002>
<Frame00013TargetNumber>3</Frame00013TargetNumber>
<Frame00013Target00000>
  <Type>"圆形黄灯"</Type>
  <Position>
    865 306 8 8</Position></Frame00013Target00000>
<Frame00013Target00001>
  <Type>"圆形黄灯"</Type>
  <Position>
    825 304 10 11</Position></Frame00013Target00001>
<Frame00013Target00002>
  <Type>"圆形黄灯"</Type>
  <Position>
    785 305 9 8</Position></Frame00013Target00002>
<Frame00014TargetNumber>3</Frame00014TargetNumber>
<Frame00014Target00000>
  <Type>"圆形黄灯"</Type>
  <Position>
    862 300 8 12</Position></Frame00014Target00000>
<Frame00014Target00001>
  <Type>"圆形黄灯"</Type>
  <Position>
    819 301 12 7</Position></Frame00014Target00001>
<Frame00014Target00002>
  <Type>"圆形黄灯"</Type>
  <Position>
    780 298 7 14</Position></Frame00014Target00002>
<Frame00015TargetNumber>3</Frame00015TargetNumber>
<Frame00015Target00000>
  <Type>"圆形黄灯"</Type>
  <Position>
    775 296 11 11</Position></Frame00015Target00000>
<Frame00015Target00001>
  <Type>"圆形黄灯"</Type>
  <Position>
    817 294 11 14</Position></Frame00015Target00001>
<Frame00015Target00002>
  <Type>"圆形黄灯"</Type>
  <Position>
    858 296 9 11</Position></Frame00015Target00002>
<Frame00016TargetNumber>2</Frame00016TargetNumber>
<Frame00016Target00000>
  <Type>"圆形红灯"</Type>
  <Position>
    859 290 10 11</Position></Frame00016Target00000>
<Frame00016Target00001>
  <Type>"圆形红灯"</Type>
  <Position>
    817 289 9 11</Position></Frame00016Target00001>
<Frame00017TargetNumber>2</Frame00017TargetNumber>
<Frame00017Target00000>
  <Type>"圆形红灯"</Type>
  <Position>
    814 286 16 12</Position></Frame00017Target00000>
<Frame00017Target00001>
  <Type>"圆形红灯"</Type>
  <Position>
    859 287 10 13</Position></Frame00017Target00001>
<Frame00018TargetNumber>2</Frame00018TargetNumber>
<Frame00018Target00000>
  <Type>"圆形红灯"</Type>
  <Position>
    864 289 9 13</Position></Frame00018Target00000>
<Frame00018Target00001>
  <Type>"圆形红灯"</Type>
  <Position>
    820 288 11 10</Position></Frame00018Target00001>
<Frame00019TargetNumber>2</Frame00019TargetNumber>
<Frame00019Target00000>
  <Type>"圆形红灯"</Type>
  <Position>
    825 293 13 8</Position></Frame00019Target00000>
<Frame00019Target00001>
  <Type>"圆形红灯"</Type>
  <Position>
    869 291 11 13</Position></Frame00019Target00001>
<Frame00020TargetNumber>2</Frame00020TargetNumber>
<Frame00020Target00000>
  <Type>"圆形红灯"</Type>
  <Position>
    832 296 11 10</Position></Frame00020Target00000>
<Frame00020Target00001>
  <Type>"圆形红灯"</Type>
  <Position>
    877 298 9 12</Position></Frame00020Target00001>
<Frame00021TargetNumber>2</Frame00021TargetNumber>
