<?xml version="1.0"?>
<opencv_storage>
<FrameNumber>10</FrameNumber>
<Frame00000TargetNumber>3</Frame00000TargetNumber>
<Frame00000Target00000>
  <Type>"示35-停车位"</Type>
  <Position>
    783 247 35 40</Position></Frame00000Target00000>
<Frame00000Target00001>
  <Type>"示35-停车位"</Type>
  <Position>
    255 340 23 27</Position></Frame00000Target00001>
<Frame00000Target00002>
  <Type>"禁31-禁止停车"</Type>
  <Position>
    250 308 30 27</Position></Frame00000Target00002>
<Frame00001TargetNumber>3</Frame00001TargetNumber>
<Frame00001Target00000>
  <Type>"禁31-禁止停车"</Type>
  <Position>
    278 305 25 28</Position></Frame00001Target00000>
<Frame00001Target00001>
  <Type>"示35-停车位"</Type>
  <Position>
    282 341 18 24</Position></Frame00001Target00001>
<Frame00001Target00002>
  <Type>"示35-停车位"</Type>
  <Position>
    819 245 31 38</Position></Frame00001Target00002>
<Frame00002TargetNumber>3</Frame00002TargetNumber>
<Frame00002Target00000>
  <Type>"示35-停车位"</Type>
  <Position>
    854 243 33 40</Position></Frame00002Target00000>
<Frame00002Target00001>
  <Type>"示35-停车位"</Type>
  <Position>
    309 340 20 23</Position></Frame00002Target00001>
<Frame00002Target00002>
  <Type>"禁31-禁止停车"</Type>
  <Position>
    305 307 26 27</Position></Frame00002Target00002>
<Frame00003TargetNumber>3</Frame00003TargetNumber>
<Frame00003Target00000>
  <Type>"禁31-禁止停车"</Type>
  <Position>
    337 304 23 25</Position></Frame00003Target00000>
<Frame00003Target00001>
  <Type>"示35-停车位"</Type>
  <Position>
    340 338 19 23</Position></Frame00003Target00001>
<Frame00003Target00002>
  <Type>"示35-停车位"</Type>
  <Position>
    893 238 32 40</Position></Frame00003Target00002>
<Frame00004TargetNumber>3</Frame00004TargetNumber>
<Frame00004Target00000>
  <Type>"示35-停车位"</Type>
  <Position>
    931 233 37 41</Position></Frame00004Target00000>
<Frame00004Target00001>
  <Type>"示35-停车位"</Type>
  <Position>
    368 335 23 25</Position></Frame00004Target00001>
<Frame00004Target00002>
  <Type>"禁31-禁止停车"</Type>
  <Position>
    365 304 26 27</Position></Frame00004Target00002>
<Frame00005TargetNumber>3</Frame00005TargetNumber>
<Frame00005Target00000>
  <Type>"禁31-禁止停车"</Type>
  <Position>
    398 301 27 29</Position></Frame00005Target00000>
<Frame00005Target00001>
  <Type>"示35-停车位"</Type>
  <Position>
    404 337 16 21</Position></Frame00005Target00001>
<Frame00005Target00002>
  <Type>"示35-停车位"</Type>
  <Position>
    972 229 39 43</Position></Frame00005Target00002>
<Frame00006TargetNumber>3</Frame00006TargetNumber>
<Frame00006Target00000>
  <Type>"示35-停车位"</Type>
  <Position>
    1021 228 35 44</Position></Frame00006Target00000>
<Frame00006Target00001>
  <Type>"示35-停车位"</Type>
  <Position>
    440 336 16 23</Position></Frame00006Target00001>
<Frame00006Target00002>
  <Type>"禁31-禁止停车"</Type>
  <Position>
    433 301 28 28</Position></Frame00006Target00002>
<Frame00007TargetNumber>3</Frame00007TargetNumber>
<Frame00007Target00000>
  <Type>"禁31-禁止停车"</Type>
  <Position>
    470 297 28 29</Position></Frame00007Target00000>
<Frame00007Target00001>
  <Type>"示35-停车位"</Type>
  <Position>
    473 333 24 23</Position></Frame00007Target00001>
<Frame00007Target00002>
  <Type>"示35-停车位"</Type>
  <Position>
    1072 219 35 45</Position></Frame00007Target00002>
<Frame00008TargetNumber>3</Frame00008TargetNumber>
<Frame00008Target00000>
  <Type>"示35-停车位"</Type>
  <Position>
    1122 205 40 45</Position></Frame00008Target00000>
<Frame00008Target00001>
  <Type>"示35-停车位"</Type>
  <Position>
    515 325 18 25</Position></Frame00008Target00001>
<Frame00008Target00002>
  <Type>"禁31-禁止停车"</Type>
  <Position>
    507 288 28 29</Position></Frame00008Target00002>
<Frame00009TargetNumber>3</Frame00009TargetNumber>
<Frame00009Target00000>
  <Type>"禁31-禁止停车"</Type>
  <Position>
    552 292 25 27</Position></Frame00009Target00000>
<Frame00009Target00001>
  <Type>"示35-停车位"</Type>
  <Position>
    556 325 20 28</Position></Frame00009Target00001>
<Frame00009Target00002>
  <Type>"示35-停车位"</Type>
  <Position>
    1186 203 38 47</Position></Frame00009Target00002>
</opencv_storage>
