<?xml version="1.0"?>
<opencv_storage>
<FrameNumber>15</FrameNumber>
<Frame00000TargetNumber>1</Frame00000TargetNumber>
<Frame00000Target00000>
  <Type>"路5-丁字交叉路口"</Type>
  <Position>
    662 127 179 97</Position></Frame00000Target00000>
<Frame00001TargetNumber>1</Frame00001TargetNumber>
<Frame00001Target00000>
  <Type>"路5-丁字交叉路口"</Type>
  <Position>
    663 122 183 100</Position></Frame00001Target00000>
<Frame00002TargetNumber>1</Frame00002TargetNumber>
<Frame00002Target00000>
  <Type>"路5-丁字交叉路口"</Type>
  <Position>
    665 119 188 102</Position></Frame00002Target00000>
<Frame00003TargetNumber>1</Frame00003TargetNumber>
<Frame00003Target00000>
  <Type>"路5-丁字交叉路口"</Type>
  <Position>
    666 116 193 102</Position></Frame00003Target00000>
<Frame00004TargetNumber>1</Frame00004TargetNumber>
<Frame00004Target00000>
  <Type>"路5-丁字交叉路口"</Type>
  <Position>
    671 110 196 103</Position></Frame00004Target00000>
<Frame00005TargetNumber>1</Frame00005TargetNumber>
<Frame00005Target00000>
  <Type>"路5-丁字交叉路口"</Type>
  <Position>
    673 103 203 111</Position></Frame00005Target00000>
<Frame00006TargetNumber>1</Frame00006TargetNumber>
<Frame00006Target00000>
  <Type>"路5-丁字交叉路口"</Type>
  <Position>
    673 98 210 114</Position></Frame00006Target00000>
<Frame00007TargetNumber>1</Frame00007TargetNumber>
<Frame00007Target00000>
  <Type>"路5-丁字交叉路口"</Type>
  <Position>
    678 96 210 117</Position></Frame00007Target00000>
<Frame00008TargetNumber>1</Frame00008TargetNumber>
<Frame00008Target00000>
  <Type>"路5-丁字交叉路口"</Type>
  <Position>
    679 85 217 120</Position></Frame00008Target00000>
<Frame00009TargetNumber>1</Frame00009TargetNumber>
<Frame00009Target00000>
  <Type>"路5-丁字交叉路口"</Type>
  <Position>
    681 77 222 122</Position></Frame00009Target00000>
<Frame00010TargetNumber>1</Frame00010TargetNumber>
<Frame00010Target00000>
  <Type>"路5-丁字交叉路口"</Type>
  <Position>
    683 72 230 124</Position></Frame00010Target00000>
<Frame00011TargetNumber>1</Frame00011TargetNumber>
<Frame00011Target00000>
  <Type>"路5-丁字交叉路口"</Type>
  <Position>
    683 64 235 126</Position></Frame00011Target00000>
<Frame00012TargetNumber>1</Frame00012TargetNumber>
<Frame00012Target00000>
  <Type>"路5-丁字交叉路口"</Type>
  <Position>
    686 54 241 129</Position></Frame00012Target00000>
<Frame00013TargetNumber>1</Frame00013TargetNumber>
<Frame00013Target00000>
  <Type>"路5-丁字交叉路口"</Type>
  <Position>
    681 42 255 135</Position></Frame00013Target00000>
<Frame00014TargetNumber>1</Frame00014TargetNumber>
<Frame00014Target00000>
  <Type>"路5-丁字交叉路口"</Type>
  <Position>
    684 32 259 144</Position></Frame00014Target00000>
</opencv_storage>
