<?xml version="1.0"?>
<opencv_storage>
<FrameNumber>45</FrameNumber>
<Frame00000TargetNumber>1</Frame00000TargetNumber>
<Frame00000Target00000>
  <Type>"示1-直行"</Type>
  <Position>
    651 288 17 30</Position></Frame00000Target00000>
<Frame00001TargetNumber>1</Frame00001TargetNumber>
<Frame00001Target00000>
  <Type>"示1-直行"</Type>
  <Position>
    640 289 21 25</Position></Frame00001Target00000>
<Frame00002TargetNumber>1</Frame00002TargetNumber>
<Frame00002Target00000>
  <Type>"示1-直行"</Type>
  <Position>
    631 290 20 26</Position></Frame00002Target00000>
<Frame00003TargetNumber>1</Frame00003TargetNumber>
<Frame00003Target00000>
  <Type>"示1-直行"</Type>
  <Position>
    620 291 19 27</Position></Frame00003Target00000>
<Frame00004TargetNumber>1</Frame00004TargetNumber>
<Frame00004Target00000>
  <Type>"示1-直行"</Type>
  <Position>
    611 288 20 33</Position></Frame00004Target00000>
<Frame00005TargetNumber>1</Frame00005TargetNumber>
<Frame00005Target00000>
  <Type>"示1-直行"</Type>
  <Position>
    601 293 18 28</Position></Frame00005Target00000>
<Frame00006TargetNumber>1</Frame00006TargetNumber>
<Frame00006Target00000>
  <Type>"示1-直行"</Type>
  <Position>
    591 297 20 26</Position></Frame00006Target00000>
<Frame00007TargetNumber>1</Frame00007TargetNumber>
<Frame00007Target00000>
  <Type>"示1-直行"</Type>
  <Position>
    583 296 19 29</Position></Frame00007Target00000>
<Frame00008TargetNumber>1</Frame00008TargetNumber>
<Frame00008Target00000>
  <Type>"示1-直行"</Type>
  <Position>
    574 293 19 31</Position></Frame00008Target00000>
<Frame00009TargetNumber>1</Frame00009TargetNumber>
<Frame00009Target00000>
  <Type>"示1-直行"</Type>
  <Position>
    565 284 20 31</Position></Frame00009Target00000>
<Frame00010TargetNumber>1</Frame00010TargetNumber>
<Frame00010Target00000>
  <Type>"示1-直行"</Type>
  <Position>
    559 276 19 33</Position></Frame00010Target00000>
<Frame00011TargetNumber>1</Frame00011TargetNumber>
<Frame00011Target00000>
  <Type>"示1-直行"</Type>
  <Position>
    552 265 20 35</Position></Frame00011Target00000>
<Frame00012TargetNumber>1</Frame00012TargetNumber>
<Frame00012Target00000>
  <Type>"示1-直行"</Type>
  <Position>
    548 259 18 31</Position></Frame00012Target00000>
<Frame00013TargetNumber>1</Frame00013TargetNumber>
<Frame00013Target00000>
  <Type>"示1-直行"</Type>
  <Position>
    543 251 22 33</Position></Frame00013Target00000>
<Frame00014TargetNumber>1</Frame00014TargetNumber>
<Frame00014Target00000>
  <Type>"示1-直行"</Type>
  <Position>
    537 249 24 31</Position></Frame00014Target00000>
<Frame00015TargetNumber>1</Frame00015TargetNumber>
<Frame00015Target00000>
  <Type>"示1-直行"</Type>
  <Position>
    535 243 20 38</Position></Frame00015Target00000>
<Frame00016TargetNumber>1</Frame00016TargetNumber>
<Frame00016Target00000>
  <Type>"示1-直行"</Type>
  <Position>
    531 241 19 30</Position></Frame00016Target00000>
<Frame00017TargetNumber>1</Frame00017TargetNumber>
<Frame00017Target00000>
  <Type>"示1-直行"</Type>
  <Position>
    529 236 22 37</Position></Frame00017Target00000>
<Frame00018TargetNumber>1</Frame00018TargetNumber>
<Frame00018Target00000>
  <Type>"示1-直行"</Type>
  <Position>
    525 240 20 36</Position></Frame00018Target00000>
<Frame00019TargetNumber>1</Frame00019TargetNumber>
<Frame00019Target00000>
  <Type>"示1-直行"</Type>
  <Position>
    519 246 27 37</Position></Frame00019Target00000>
<Frame00020TargetNumber>1</Frame00020TargetNumber>
<Frame00020Target00000>
  <Type>"示1-直行"</Type>
  <Position>
    515 254 23 37</Position></Frame00020Target00000>
<Frame00021TargetNumber>1</Frame00021TargetNumber>
<Frame00021Target00000>
  <Type>"示1-直行"</Type>
  <Position>
    510 255 23 39</Position></Frame00021Target00000>
<Frame00022TargetNumber>1</Frame00022TargetNumber>
<Frame00022Target00000>
  <Type>"示1-直行"</Type>
  <Position>
    502 254 25 48</Position></Frame00022Target00000>
<Frame00023TargetNumber>1</Frame00023TargetNumber>
<Frame00023Target00000>
  <Type>"示1-直行"</Type>
  <Position>
    503 253 20 43</Position></Frame00023Target00000>
<Frame00024TargetNumber>1</Frame00024TargetNumber>
<Frame00024Target00000>
  <Type>"示1-直行"</Type>
  <Position>
    495 254 25 41</Position></Frame00024Target00000>
<Frame00025TargetNumber>1</Frame00025TargetNumber>
<Frame00025Target00000>
  <Type>"示1-直行"</Type>
  <Position>
    486 256 25 41</Position></Frame00025Target00000>
<Frame00026TargetNumber>1</Frame00026TargetNumber>
<Frame00026Target00000>
  <Type>"示1-直行"</Type>
  <Position>
    481 257 25 40</Position></Frame00026Target00000>
<Frame00027TargetNumber>1</Frame00027TargetNumber>
<Frame00027Target00000>
  <Type>"示1-直行"</Type>
  <Position>
    469 261 27 41</Position></Frame00027Target00000>
<Frame00028TargetNumber>1</Frame00028TargetNumber>
<Frame00028Target00000>
  <Type>"示1-直行"</Type>
  <Position>
    460 262 27 42</Position></Frame00028Target00000>
<Frame00029TargetNumber>1</Frame00029TargetNumber>
<Frame00029Target00000>
  <Type>"示1-直行"</Type>
  <Position>
    443 261 30 45</Position></Frame00029Target00000>
<Frame00030TargetNumber>1</Frame00030TargetNumber>
<Frame00030Target00000>
  <Type>"示1-直行"</Type>
  <Position>
    431 262 27 46</Position></Frame00030Target00000>
<Frame00031TargetNumber>1</Frame00031TargetNumber>
<Frame00031Target00000>
  <Type>"示1-直行"</Type>
  <Position>
    411 262 32 46</Position></Frame00031Target00000>
<Frame00032TargetNumber>1</Frame00032TargetNumber>
<Frame00032Target00000>
  <Type>"示1-直行"</Type>
  <Position>
    396 262 32 48</Position></Frame00032Target00000>
<Frame00033TargetNumber>1</Frame00033TargetNumber>
<Frame00033Target00000>
  <Type>"示1-直行"</Type>
  <Position>
    377 262 34 48</Position></Frame00033Target00000>
<Frame00034TargetNumber>1</Frame00034TargetNumber>
<Frame00034Target00000>
  <Type>"示1-直行"</Type>
  <Position>
    365 257 29 52</Position></Frame00034Target00000>
<Frame00035TargetNumber>1</Frame00035TargetNumber>
<Frame00035Target00000>
  <Type>"示1-直行"</Type>
  <Position>
    343 258 33 51</Position></Frame00035Target00000>
<Frame00036TargetNumber>1</Frame00036TargetNumber>
<Frame00036Target00000>
  <Type>"示1-直行"</Type>
  <Position>
    324 257 31 54</Position></Frame00036Target00000>
<Frame00037TargetNumber>1</Frame00037TargetNumber>
<Frame00037Target00000>
  <Type>"示1-直行"</Type>
  <Position>
    302 253 34 57</Position></Frame00037Target00000>
<Frame00038TargetNumber>1</Frame00038TargetNumber>
<Frame00038Target00000>
  <Type>"示1-直行"</Type>
  <Position>
    282 256 33 52</Position></Frame00038Target00000>
<Frame00039TargetNumber>1</Frame00039TargetNumber>
<Frame00039Target00000>
  <Type>"示1-直行"</Type>
  <Position>
    261 251 33 61</Position></Frame00039Target00000>
<Frame00040TargetNumber>1</Frame00040TargetNumber>
<Frame00040Target00000>
  <Type>"示1-直行"</Type>
  <Position>
    238 252 36 62</Position></Frame00040Target00000>
<Frame00041TargetNumber>1</Frame00041TargetNumber>
<Frame00041Target00000>
  <Type>"示1-直行"</Type>
  <Position>
    212 252 37 61</Position></Frame00041Target00000>
<Frame00042TargetNumber>1</Frame00042TargetNumber>
<Frame00042Target00000>
  <Type>"示1-直行"</Type>
  <Position>
    187 248 38 64</Position></Frame00042Target00000>
<Frame00043TargetNumber>1</Frame00043TargetNumber>
<Frame00043Target00000>
  <Type>"示1-直行"</Type>
  <Position>
    161 242 40 65</Position></Frame00043Target00000>
<Frame00044TargetNumber>1</Frame00044TargetNumber>
<Frame00044Target00000>
  <Type>"示1-直行"</Type>
  <Position>
    140 242 34 63</Position></Frame00044Target00000>
</opencv_storage>
