<?xml version="1.0"?>
<opencv_storage>
<FrameNumber>12</FrameNumber>
<Frame00000TargetNumber>2</Frame00000TargetNumber>
<Frame00000Target00000>
  <Type>"禁38-限制速度"</Type>
  <Position>
    496 296 36 43</Position></Frame00000Target00000>
<Frame00000Target00001>
  <Type>"禁6-禁止机动车驶入"</Type>
  <Position>
    710 188 26 57</Position></Frame00000Target00001>
<Frame00001TargetNumber>2</Frame00001TargetNumber>
<Frame00001Target00000>
  <Type>"禁6-禁止机动车驶入"</Type>
  <Position>
    756 182 31 61</Position></Frame00001Target00000>
<Frame00001Target00001>
  <Type>"禁38-限制速度"</Type>
  <Position>
    541 293 34 44</Position></Frame00001Target00001>
<Frame00002TargetNumber>2</Frame00002TargetNumber>
<Frame00002Target00000>
  <Type>"禁38-限制速度"</Type>
  <Position>
    587 290 34 43</Position></Frame00002Target00000>
<Frame00002Target00001>
  <Type>"禁6-禁止机动车驶入"</Type>
  <Position>
    808 174 30 60</Position></Frame00002Target00001>
<Frame00003TargetNumber>2</Frame00003TargetNumber>
<Frame00003Target00000>
  <Type>"禁6-禁止机动车驶入"</Type>
  <Position>
    861 167 32 62</Position></Frame00003Target00000>
<Frame00003Target00001>
  <Type>"禁38-限制速度"</Type>
  <Position>
    634 288 36 43</Position></Frame00003Target00001>
<Frame00004TargetNumber>2</Frame00004TargetNumber>
<Frame00004Target00000>
  <Type>"禁38-限制速度"</Type>
  <Position>
    683 284 33 43</Position></Frame00004Target00000>
<Frame00004Target00001>
  <Type>"禁6-禁止机动车驶入"</Type>
  <Position>
    916 158 32 62</Position></Frame00004Target00001>
<Frame00005TargetNumber>2</Frame00005TargetNumber>
<Frame00005Target00000>
  <Type>"禁6-禁止机动车驶入"</Type>
  <Position>
    969 149 34 67</Position></Frame00005Target00000>
<Frame00005Target00001>
  <Type>"禁38-限制速度"</Type>
  <Position>
    729 279 37 45</Position></Frame00005Target00001>
<Frame00006TargetNumber>2</Frame00006TargetNumber>
<Frame00006Target00000>
  <Type>"禁38-限制速度"</Type>
  <Position>
    772 277 34 47</Position></Frame00006Target00000>
<Frame00006Target00001>
  <Type>"禁6-禁止机动车驶入"</Type>
  <Position>
    1023 144 33 65</Position></Frame00006Target00001>
<Frame00007TargetNumber>2</Frame00007TargetNumber>
<Frame00007Target00000>
  <Type>"禁6-禁止机动车驶入"</Type>
  <Position>
    1072 138 35 67</Position></Frame00007Target00000>
<Frame00007Target00001>
  <Type>"禁38-限制速度"</Type>
  <Position>
    811 274 37 47</Position></Frame00007Target00001>
<Frame00008TargetNumber>2</Frame00008TargetNumber>
<Frame00008Target00000>
  <Type>"禁38-限制速度"</Type>
  <Position>
    846 272 36 47</Position></Frame00008Target00000>
<Frame00008Target00001>
  <Type>"禁6-禁止机动车驶入"</Type>
  <Position>
    1119 128 37 70</Position></Frame00008Target00001>
<Frame00009TargetNumber>2</Frame00009TargetNumber>
<Frame00009Target00000>
  <Type>"禁6-禁止机动车驶入"</Type>
  <Position>
    1158 123 38 75</Position></Frame00009Target00000>
<Frame00009Target00001>
  <Type>"禁38-限制速度"</Type>
  <Position>
    874 270 41 49</Position></Frame00009Target00001>
<Frame00010TargetNumber>2</Frame00010TargetNumber>
<Frame00010Target00000>
  <Type>"禁38-限制速度"</Type>
  <Position>
    898 272 41 46</Position></Frame00010Target00000>
<Frame00010Target00001>
  <Type>"禁6-禁止机动车驶入"</Type>
  <Position>
    1199 116 38 74</Position></Frame00010Target00001>
<Frame00011TargetNumber>2</Frame00011TargetNumber>
<Frame00011Target00000>
  <Type>"禁6-禁止机动车驶入"</Type>
  <Position>
    1233 106 41 79</Position></Frame00011Target00000>
<Frame00011Target00001>
  <Type>"禁38-限制速度"</Type>
  <Position>
    919 269 42 47</Position></Frame00011Target00001>
</opencv_storage>
