<?xml version="1.0"?>
<opencv_storage>
<FrameNumber>12</FrameNumber>
<Frame00000TargetNumber>1</Frame00000TargetNumber>
<Frame00000Target00000>
  <Type>"禁29-禁止超车"</Type>
  <Position>
    739 193 40 38</Position></Frame00000Target00000>
<Frame00001TargetNumber>1</Frame00001TargetNumber>
<Frame00001Target00000>
  <Type>"禁29-禁止超车"</Type>
  <Position>
    759 188 38 39</Position></Frame00001Target00000>
<Frame00002TargetNumber>1</Frame00002TargetNumber>
<Frame00002Target00000>
  <Type>"禁29-禁止超车"</Type>
  <Position>
    777 184 42 40</Position></Frame00002Target00000>
<Frame00003TargetNumber>1</Frame00003TargetNumber>
<Frame00003Target00000>
  <Type>"禁29-禁止超车"</Type>
  <Position>
    798 177 45 43</Position></Frame00003Target00000>
<Frame00004TargetNumber>1</Frame00004TargetNumber>
<Frame00004Target00000>
  <Type>"禁29-禁止超车"</Type>
  <Position>
    822 165 47 48</Position></Frame00004Target00000>
<Frame00005TargetNumber>1</Frame00005TargetNumber>
<Frame00005Target00000>
  <Type>"禁29-禁止超车"</Type>
  <Position>
    849 158 50 49</Position></Frame00005Target00000>
<Frame00006TargetNumber>1</Frame00006TargetNumber>
<Frame00006Target00000>
  <Type>"禁29-禁止超车"</Type>
  <Position>
    876 149 54 54</Position></Frame00006Target00000>
<Frame00007TargetNumber>1</Frame00007TargetNumber>
<Frame00007Target00000>
  <Type>"禁29-禁止超车"</Type>
  <Position>
    907 134 62 59</Position></Frame00007Target00000>
<Frame00008TargetNumber>1</Frame00008TargetNumber>
<Frame00008Target00000>
  <Type>"禁29-禁止超车"</Type>
  <Position>
    945 113 66 66</Position></Frame00008Target00000>
<Frame00009TargetNumber>1</Frame00009TargetNumber>
<Frame00009Target00000>
  <Type>"禁29-禁止超车"</Type>
  <Position>
    988 104 76 70</Position></Frame00009Target00000>
<Frame00010TargetNumber>1</Frame00010TargetNumber>
<Frame00010Target00000>
  <Type>"禁29-禁止超车"</Type>
  <Position>
    1039 82 81 80</Position></Frame00010Target00000>
<Frame00011TargetNumber>1</Frame00011TargetNumber>
<Frame00011Target00000>
  <Type>"禁29-禁止超车"</Type>
  <Position>
    1098 54 94 87</Position></Frame00011Target00000>
</opencv_storage>
