<?xml version="1.0"?>
<opencv_storage>
<FrameNumber>11</FrameNumber>
<Frame00000TargetNumber>1</Frame00000TargetNumber>
<Frame00000Target00000>
  <Type>"禁9-禁止大型客车驶入"</Type>
  <Position>
    515 142 80 81</Position></Frame00000Target00000>
<Frame00001TargetNumber>1</Frame00001TargetNumber>
<Frame00001Target00000>
  <Type>"禁9-禁止大型客车驶入"</Type>
  <Position>
    508 141 84 85</Position></Frame00001Target00000>
<Frame00002TargetNumber>1</Frame00002TargetNumber>
<Frame00002Target00000>
  <Type>"禁9-禁止大型客车驶入"</Type>
  <Position>
    503 145 83 86</Position></Frame00002Target00000>
<Frame00003TargetNumber>1</Frame00003TargetNumber>
<Frame00003Target00000>
  <Type>"禁9-禁止大型客车驶入"</Type>
  <Position>
    497 147 84 87</Position></Frame00003Target00000>
<Frame00004TargetNumber>1</Frame00004TargetNumber>
<Frame00004Target00000>
  <Type>"禁9-禁止大型客车驶入"</Type>
  <Position>
    491 148 88 88</Position></Frame00004Target00000>
<Frame00005TargetNumber>1</Frame00005TargetNumber>
<Frame00005Target00000>
  <Type>"禁9-禁止大型客车驶入"</Type>
  <Position>
    489 145 87 94</Position></Frame00005Target00000>
<Frame00006TargetNumber>1</Frame00006TargetNumber>
<Frame00006Target00000>
  <Type>"禁9-禁止大型客车驶入"</Type>
  <Position>
    486 149 90 90</Position></Frame00006Target00000>
<Frame00007TargetNumber>1</Frame00007TargetNumber>
<Frame00007Target00000>
  <Type>"禁9-禁止大型客车驶入"</Type>
  <Position>
    482 143 94 95</Position></Frame00007Target00000>
<Frame00008TargetNumber>1</Frame00008TargetNumber>
<Frame00008Target00000>
  <Type>"禁9-禁止大型客车驶入"</Type>
  <Position>
    482 134 94 100</Position></Frame00008Target00000>
<Frame00009TargetNumber>1</Frame00009TargetNumber>
<Frame00009Target00000>
  <Type>"禁9-禁止大型客车驶入"</Type>
  <Position>
    479 113 98 100</Position></Frame00009Target00000>
<Frame00010TargetNumber>1</Frame00010TargetNumber>
<Frame00010Target00000>
  <Type>"禁9-禁止大型客车驶入"</Type>
  <Position>
    476 85 100 106</Position></Frame00010Target00000>
</opencv_storage>
