<?xml version="1.0" ?>
<opencv_storage>
<FrameNumber>17</FrameNumber>
<Frame00000TargetNumber>3</Frame00000TargetNumber>
<Frame00000Target00000>
  <Type>"左转箭头绿灯"</Type>
  <Position>
    741 117 21 16</Position></Frame00000Target00000>
<Frame00000Target00001>
  <Type>"直行箭头绿灯"</Type>
  <Position>
    872 122 16 18</Position></Frame00000Target00001>
<Frame00000Target00002>
  <Type>"禁33-禁止鸣笛"</Type>
  <Position>
    664 233 19 20</Position></Frame00000Target00002>
<Frame00001TargetNumber>3</Frame00001TargetNumber>
<Frame00001Target00000>
  <Type>"禁33-禁止鸣笛"</Type>
  <Position>
    672 227 21 20</Position></Frame00001Target00000>
<Frame00001Target00001>
  <Type>"直行箭头绿灯"</Type>
  <Position>
    890 104 15 18</Position></Frame00001Target00001>
<Frame00001Target00002>
  <Type>"左转箭头绿灯"</Type>
  <Position>
    753 100 19 17</Position></Frame00001Target00002>
<Frame00002TargetNumber>3</Frame00002TargetNumber>
<Frame00002Target00000>
  <Type>"左转箭头绿灯"</Type>
  <Position>
    762 84 17 16</Position></Frame00002Target00000>
<Frame00002Target00001>
  <Type>"直行箭头绿灯"</Type>
  <Position>
    909 89 24 20</Position></Frame00002Target00001>
<Frame00002Target00002>
  <Type>"禁33-禁止鸣笛"</Type>
  <Position>
    680 226 21 23</Position></Frame00002Target00002>
<Frame00003TargetNumber>3</Frame00003TargetNumber>
<Frame00003Target00000>
  <Type>"禁33-禁止鸣笛"</Type>
  <Position>
    690 218 21 22</Position></Frame00003Target00000>
<Frame00003Target00001>
  <Type>"直行箭头绿灯"</Type>
  <Position>
    937 65 19 19</Position></Frame00003Target00001>
<Frame00003Target00002>
  <Type>"左转箭头绿灯"</Type>
  <Position>
    776 56 18 21</Position></Frame00003Target00002>
<Frame00004TargetNumber>3</Frame00004TargetNumber>
<Frame00004Target00000>
  <Type>"左转箭头绿灯"</Type>
  <Position>
    783 35 22 23</Position></Frame00004Target00000>
<Frame00004Target00001>
  <Type>"直行箭头绿灯"</Type>
  <Position>
    960 48 22 22</Position></Frame00004Target00001>
<Frame00004Target00002>
  <Type>"禁33-禁止鸣笛"</Type>
  <Position>
    696 221 21 22</Position></Frame00004Target00002>
<Frame00005TargetNumber>3</Frame00005TargetNumber>
<Frame00005Target00000>
  <Type>"禁33-禁止鸣笛"</Type>
  <Position>
    703 216 21 25</Position></Frame00005Target00000>
<Frame00005Target00001>
  <Type>"左转箭头黄灯"</Type>
  <Position>
    771 3 21 26</Position></Frame00005Target00001>
<Frame00005Target00002>
  <Type>"直行箭头黄灯"</Type>
  <Position>
    964 12 29 26</Position></Frame00005Target00002>
<Frame00006TargetNumber>1</Frame00006TargetNumber>
<Frame00006Target00000>
  <Type>"禁33-禁止鸣笛"</Type>
  <Position>
    706 195 23 23</Position></Frame00006Target00000>
<Frame00007TargetNumber>1</Frame00007TargetNumber>
<Frame00007Target00000>
  <Type>"禁33-禁止鸣笛"</Type>
  <Position>
    709 232 23 22</Position></Frame00007Target00000>
<Frame00008TargetNumber>1</Frame00008TargetNumber>
<Frame00008Target00000>
  <Type>"禁33-禁止鸣笛"</Type>
  <Position>
    712 212 24 24</Position></Frame00008Target00000>
<Frame00009TargetNumber>1</Frame00009TargetNumber>
<Frame00009Target00000>
  <Type>"禁33-禁止鸣笛"</Type>
  <Position>
    714 191 25 28</Position></Frame00009Target00000>
<Frame00010TargetNumber>1</Frame00010TargetNumber>
<Frame00010Target00000>
  <Type>"禁33-禁止鸣笛"</Type>
  <Position>
    714 203 28 29</Position></Frame00010Target00000>
<Frame00011TargetNumber>1</Frame00011TargetNumber>
<Frame00011Target00000>
  <Type>"禁33-禁止鸣笛"</Type>
  <Position>
    719 175 28 30</Position></Frame00011Target00000>
<Frame00012TargetNumber>1</Frame00012TargetNumber>
<Frame00012Target00000>
  <Type>"禁33-禁止鸣笛"</Type>
  <Position>
    719 202 32 31</Position></Frame00012Target00000>
<Frame00013TargetNumber>1</Frame00013TargetNumber>
<Frame00013Target00000>
  <Type>"禁33-禁止鸣笛"</Type>
  <Position>
    723 174 32 34</Position></Frame00013Target00000>
<Frame00014TargetNumber>1</Frame00014TargetNumber>
<Frame00014Target00000>
  <Type>"禁33-禁止鸣笛"</Type>
  <Position>
    726 162 34 35</Position></Frame00014Target00000>
<Frame00015TargetNumber>1</Frame00015TargetNumber>
<Frame00015Target00000>
  <Type>"禁33-禁止鸣笛"</Type>
  <Position>
    727 155 37 36</Position></Frame00015Target00000>
<Frame00016TargetNumber>1</Frame00016TargetNumber>
<Frame00016Target00000>
  <Type>"禁33-禁止鸣笛"</Type>
  <Position>
    727 150 38 39</Position></Frame00016Target00000>
</opencv_storage>
