<?xml version="1.0"?>
<opencv_storage>
<FrameNumber>15</FrameNumber>
<Frame00000TargetNumber>1</Frame00000TargetNumber>
<Frame00000Target00000>
  <Type>"路67-设有电子不停车收费(ETC)车道的收费站"</Type>
  <Position>
    905 227 83 73</Position></Frame00000Target00000>
<Frame00001TargetNumber>1</Frame00001TargetNumber>
<Frame00001Target00000>
  <Type>"路67-设有电子不停车收费(ETC)车道的收费站"</Type>
  <Position>
    907 220 87 78</Position></Frame00001Target00000>
<Frame00002TargetNumber>1</Frame00002TargetNumber>
<Frame00002Target00000>
  <Type>"路67-设有电子不停车收费(ETC)车道的收费站"</Type>
  <Position>
    910 217 93 80</Position></Frame00002Target00000>
<Frame00003TargetNumber>1</Frame00003TargetNumber>
<Frame00003Target00000>
  <Type>"路67-设有电子不停车收费(ETC)车道的收费站"</Type>
  <Position>
    912 211 97 84</Position></Frame00003Target00000>
<Frame00004TargetNumber>1</Frame00004TargetNumber>
<Frame00004Target00000>
  <Type>"路67-设有电子不停车收费(ETC)车道的收费站"</Type>
  <Position>
    919 208 97 81</Position></Frame00004Target00000>
<Frame00005TargetNumber>1</Frame00005TargetNumber>
<Frame00005Target00000>
  <Type>"路67-设有电子不停车收费(ETC)车道的收费站"</Type>
  <Position>
    920 206 104 83</Position></Frame00005Target00000>
<Frame00006TargetNumber>1</Frame00006TargetNumber>
<Frame00006Target00000>
  <Type>"路67-设有电子不停车收费(ETC)车道的收费站"</Type>
  <Position>
    923 202 106 87</Position></Frame00006Target00000>
<Frame00007TargetNumber>1</Frame00007TargetNumber>
<Frame00007Target00000>
  <Type>"路67-设有电子不停车收费(ETC)车道的收费站"</Type>
  <Position>
    925 195 112 87</Position></Frame00007Target00000>
<Frame00008TargetNumber>1</Frame00008TargetNumber>
<Frame00008Target00000>
  <Type>"路67-设有电子不停车收费(ETC)车道的收费站"</Type>
  <Position>
    933 188 111 92</Position></Frame00008Target00000>
<Frame00009TargetNumber>1</Frame00009TargetNumber>
<Frame00009Target00000>
  <Type>"路67-设有电子不停车收费(ETC)车道的收费站"</Type>
  <Position>
    934 179 119 93</Position></Frame00009Target00000>
<Frame00010TargetNumber>1</Frame00010TargetNumber>
<Frame00010Target00000>
  <Type>"路67-设有电子不停车收费(ETC)车道的收费站"</Type>
  <Position>
    940 170 123 104</Position></Frame00010Target00000>
<Frame00011TargetNumber>1</Frame00011TargetNumber>
<Frame00011Target00000>
  <Type>"路67-设有电子不停车收费(ETC)车道的收费站"</Type>
  <Position>
    944 165 127 109</Position></Frame00011Target00000>
<Frame00012TargetNumber>1</Frame00012TargetNumber>
<Frame00012Target00000>
  <Type>"路67-设有电子不停车收费(ETC)车道的收费站"</Type>
  <Position>
    951 157 139 114</Position></Frame00012Target00000>
<Frame00013TargetNumber>1</Frame00013TargetNumber>
<Frame00013Target00000>
  <Type>"路67-设有电子不停车收费(ETC)车道的收费站"</Type>
  <Position>
    958 144 142 121</Position></Frame00013Target00000>
<Frame00014TargetNumber>1</Frame00014TargetNumber>
<Frame00014Target00000>
  <Type>"路67-设有电子不停车收费(ETC)车道的收费站"</Type>
  <Position>
    968 135 151 122</Position></Frame00014Target00000>
</opencv_storage>
