<?xml version="1.0"?>
<opencv_storage>
<FrameNumber>14</FrameNumber>
<Frame00000TargetNumber>2</Frame00000TargetNumber>
<Frame00000Target00000>
  <Type>"警11-注意儿童"</Type>
  <Position>
    1003 255 58 53</Position></Frame00000Target00000>
<Frame00000Target00001>
  <Type>"路4-十字交叉路口"</Type>
  <Position>
    831 106 103 114</Position></Frame00000Target00001>
<Frame00001TargetNumber>2</Frame00001TargetNumber>
<Frame00001Target00000>
  <Type>"路4-十字交叉路口"</Type>
  <Position>
    835 105 102 113</Position></Frame00001Target00000>
<Frame00001Target00001>
  <Type>"警11-注意儿童"</Type>
  <Position>
    1010 253 58 53</Position></Frame00001Target00001>
<Frame00002TargetNumber>2</Frame00002TargetNumber>
<Frame00002Target00000>
  <Type>"警11-注意儿童"</Type>
  <Position>
    1018 246 64 56</Position></Frame00002Target00000>
<Frame00002Target00001>
  <Type>"路4-十字交叉路口"</Type>
  <Position>
    835 96 103 117</Position></Frame00002Target00001>
<Frame00003TargetNumber>2</Frame00003TargetNumber>
<Frame00003Target00000>
  <Type>"路4-十字交叉路口"</Type>
  <Position>
    834 90 103 123</Position></Frame00003Target00000>
<Frame00003Target00001>
  <Type>"警11-注意儿童"</Type>
  <Position>
    1022 242 66 61</Position></Frame00003Target00001>
<Frame00004TargetNumber>2</Frame00004TargetNumber>
<Frame00004Target00000>
  <Type>"警11-注意儿童"</Type>
  <Position>
    1033 239 66 66</Position></Frame00004Target00000>
<Frame00004Target00001>
  <Type>"路4-十字交叉路口"</Type>
  <Position>
    834 88 106 123</Position></Frame00004Target00001>
<Frame00005TargetNumber>2</Frame00005TargetNumber>
<Frame00005Target00000>
  <Type>"路4-十字交叉路口"</Type>
  <Position>
    836 86 112 121</Position></Frame00005Target00000>
<Frame00005Target00001>
  <Type>"警11-注意儿童"</Type>
  <Position>
    1041 239 73 62</Position></Frame00005Target00001>
<Frame00006TargetNumber>2</Frame00006TargetNumber>
<Frame00006Target00000>
  <Type>"警11-注意儿童"</Type>
  <Position>
    1051 232 75 67</Position></Frame00006Target00000>
<Frame00006Target00001>
  <Type>"路4-十字交叉路口"</Type>
  <Position>
    834 82 109 126</Position></Frame00006Target00001>
<Frame00007TargetNumber>2</Frame00007TargetNumber>
<Frame00007Target00000>
  <Type>"路4-十字交叉路口"</Type>
  <Position>
    834 78 113 126</Position></Frame00007Target00000>
<Frame00007Target00001>
  <Type>"警11-注意儿童"</Type>
  <Position>
    1063 231 78 66</Position></Frame00007Target00001>
<Frame00008TargetNumber>2</Frame00008TargetNumber>
<Frame00008Target00000>
  <Type>"警11-注意儿童"</Type>
  <Position>
    1069 224 87 72</Position></Frame00008Target00000>
<Frame00008Target00001>
  <Type>"路4-十字交叉路口"</Type>
  <Position>
    835 72 114 127</Position></Frame00008Target00001>
<Frame00009TargetNumber>2</Frame00009TargetNumber>
<Frame00009Target00000>
  <Type>"路4-十字交叉路口"</Type>
  <Position>
    835 67 123 133</Position></Frame00009Target00000>
<Frame00009Target00001>
  <Type>"警11-注意儿童"</Type>
  <Position>
    1088 219 85 77</Position></Frame00009Target00001>
<Frame00010TargetNumber>2</Frame00010TargetNumber>
<Frame00010Target00000>
  <Type>"警11-注意儿童"</Type>
  <Position>
    1101 210 94 83</Position></Frame00010Target00000>
<Frame00010Target00001>
  <Type>"路4-十字交叉路口"</Type>
  <Position>
    836 61 125 134</Position></Frame00010Target00001>
<Frame00011TargetNumber>2</Frame00011TargetNumber>
<Frame00011Target00000>
  <Type>"路4-十字交叉路口"</Type>
  <Position>
    832 55 130 136</Position></Frame00011Target00000>
<Frame00011Target00001>
  <Type>"警11-注意儿童"</Type>
  <Position>
    1116 205 98 87</Position></Frame00011Target00001>
<Frame00012TargetNumber>2</Frame00012TargetNumber>
<Frame00012Target00000>
  <Type>"警11-注意儿童"</Type>
  <Position>
    1136 201 101 88</Position></Frame00012Target00000>
<Frame00012Target00001>
  <Type>"路4-十字交叉路口"</Type>
  <Position>
    837 54 129 139</Position></Frame00012Target00001>
<Frame00013TargetNumber>2</Frame00013TargetNumber>
<Frame00013Target00000>
  <Type>"路4-十字交叉路口"</Type>
  <Position>
    837 46 131 145</Position></Frame00013Target00000>
<Frame00013Target00001>
  <Type>"警11-注意儿童"</Type>
  <Position>
    1153 188 114 99</Position></Frame00013Target00001>
</opencv_storage>
