<?xml version="1.0"?>
<opencv_storage>
<FrameNumber>24</FrameNumber>
<Frame00000TargetNumber>1</Frame00000TargetNumber>
<Frame00000Target00000>
  <Type>"警7-两侧变窄"</Type>
  <Position>
    788 377 36 29</Position></Frame00000Target00000>
<Frame00001TargetNumber>1</Frame00001TargetNumber>
<Frame00001Target00000>
  <Type>"警7-两侧变窄"</Type>
  <Position>
    796 375 34 30</Position></Frame00001Target00000>
<Frame00002TargetNumber>1</Frame00002TargetNumber>
<Frame00002Target00000>
  <Type>"警7-两侧变窄"</Type>
  <Position>
    803 378 30 31</Position></Frame00002Target00000>
<Frame00003TargetNumber>1</Frame00003TargetNumber>
<Frame00003Target00000>
  <Type>"警7-两侧变窄"</Type>
  <Position>
    806 376 36 30</Position></Frame00003Target00000>
<Frame00004TargetNumber>1</Frame00004TargetNumber>
<Frame00004Target00000>
  <Type>"警7-两侧变窄"</Type>
  <Position>
    814 365 39 32</Position></Frame00004Target00000>
<Frame00005TargetNumber>1</Frame00005TargetNumber>
<Frame00005Target00000>
  <Type>"警7-两侧变窄"</Type>
  <Position>
    821 361 42 35</Position></Frame00005Target00000>
<Frame00006TargetNumber>1</Frame00006TargetNumber>
<Frame00006Target00000>
  <Type>"警7-两侧变窄"</Type>
  <Position>
    832 367 40 33</Position></Frame00006Target00000>
<Frame00007TargetNumber>1</Frame00007TargetNumber>
<Frame00007Target00000>
  <Type>"警7-两侧变窄"</Type>
  <Position>
    839 372 43 37</Position></Frame00007Target00000>
<Frame00008TargetNumber>1</Frame00008TargetNumber>
<Frame00008Target00000>
  <Type>"警7-两侧变窄"</Type>
  <Position>
    851 367 41 38</Position></Frame00008Target00000>
<Frame00009TargetNumber>1</Frame00009TargetNumber>
<Frame00009Target00000>
  <Type>"警7-两侧变窄"</Type>
  <Position>
    861 361 43 41</Position></Frame00009Target00000>
<Frame00010TargetNumber>1</Frame00010TargetNumber>
<Frame00010Target00000>
  <Type>"警7-两侧变窄"</Type>
  <Position>
    871 357 44 43</Position></Frame00010Target00000>
<Frame00011TargetNumber>1</Frame00011TargetNumber>
<Frame00011Target00000>
  <Type>"警7-两侧变窄"</Type>
  <Position>
    881 357 48 43</Position></Frame00011Target00000>
<Frame00012TargetNumber>1</Frame00012TargetNumber>
<Frame00012Target00000>
  <Type>"警7-两侧变窄"</Type>
  <Position>
    891 356 53 43</Position></Frame00012Target00000>
<Frame00013TargetNumber>1</Frame00013TargetNumber>
<Frame00013Target00000>
  <Type>"警7-两侧变窄"</Type>
  <Position>
    905 355 52 48</Position></Frame00013Target00000>
<Frame00014TargetNumber>1</Frame00014TargetNumber>
<Frame00014Target00000>
  <Type>"警7-两侧变窄"</Type>
  <Position>
    916 354 56 47</Position></Frame00014Target00000>
<Frame00015TargetNumber>1</Frame00015TargetNumber>
<Frame00015Target00000>
  <Type>"警7-两侧变窄"</Type>
  <Position>
    932 346 59 53</Position></Frame00015Target00000>
<Frame00016TargetNumber>1</Frame00016TargetNumber>
<Frame00016Target00000>
  <Type>"警7-两侧变窄"</Type>
  <Position>
    950 339 61 55</Position></Frame00016Target00000>
<Frame00017TargetNumber>1</Frame00017TargetNumber>
<Frame00017Target00000>
  <Type>"警7-两侧变窄"</Type>
  <Position>
    972 338 62 55</Position></Frame00017Target00000>
<Frame00018TargetNumber>1</Frame00018TargetNumber>
<Frame00018Target00000>
  <Type>"警7-两侧变窄"</Type>
  <Position>
    996 332 62 60</Position></Frame00018Target00000>
<Frame00019TargetNumber>1</Frame00019TargetNumber>
<Frame00019Target00000>
  <Type>"警7-两侧变窄"</Type>
  <Position>
    1018 320 69 67</Position></Frame00019Target00000>
<Frame00020TargetNumber>1</Frame00020TargetNumber>
<Frame00020Target00000>
  <Type>"警7-两侧变窄"</Type>
  <Position>
    1042 318 77 70</Position></Frame00020Target00000>
<Frame00021TargetNumber>1</Frame00021TargetNumber>
<Frame00021Target00000>
  <Type>"警7-两侧变窄"</Type>
  <Position>
    1072 316 84 74</Position></Frame00021Target00000>
<Frame00022TargetNumber>1</Frame00022TargetNumber>
<Frame00022Target00000>
  <Type>"警7-两侧变窄"</Type>
  <Position>
    1111 306 86 83</Position></Frame00022Target00000>
<Frame00023TargetNumber>1</Frame00023TargetNumber>
<Frame00023Target00000>
  <Type>"警7-两侧变窄"</Type>
  <Position>
    1146 297 98 86</Position></Frame00023Target00000>
</opencv_storage>
