<?xml version="1.0" ?>
<opencv_storage>
<FrameNumber>23</FrameNumber>
<Frame00000TargetNumber>5</Frame00000TargetNumber>
<Frame00000Target00000>
  <Type>"左转箭头绿灯"</Type>
  <Position>
    654 243 15 16</Position></Frame00000Target00000>
<Frame00000Target00001>
  <Type>"直行箭头绿灯"</Type>
  <Position>
    714 248 17 13</Position></Frame00000Target00001>
<Frame00000Target00002>
  <Type>"示30-机动车车道"</Type>
  <Position>
    676 260 35 26</Position></Frame00000Target00002>
<Frame00000Target00003>
  <Type>"示28-公交线路专用车道"</Type>
  <Position>
    810 265 34 26</Position></Frame00000Target00003>
<Frame00000Target00004>
  <Type>"示32-非机动车车道"</Type>
  <Position>
    870 266 35 26</Position></Frame00000Target00004>
<Frame00001TargetNumber>5</Frame00001TargetNumber>
<Frame00001Target00000>
  <Type>"示32-非机动车车道"</Type>
  <Position>
    874 259 36 26</Position></Frame00001Target00000>
<Frame00001Target00001>
  <Type>"示28-公交线路专用车道"</Type>
  <Position>
    814 257 34 25</Position></Frame00001Target00001>
<Frame00001Target00002>
  <Type>"示30-机动车车道"</Type>
  <Position>
    677 253 32 26</Position></Frame00001Target00002>
<Frame00001Target00003>
  <Type>"直行箭头绿灯"</Type>
  <Position>
    717 239 14 16</Position></Frame00001Target00003>
<Frame00001Target00004>
  <Type>"左转箭头绿灯"</Type>
  <Position>
    655 238 14 14</Position></Frame00001Target00004>
<Frame00002TargetNumber>5</Frame00002TargetNumber>
<Frame00002Target00000>
  <Type>"左转箭头绿灯"</Type>
  <Position>
    653 237 14 14</Position></Frame00002Target00000>
<Frame00002Target00001>
  <Type>"直行箭头绿灯"</Type>
  <Position>
    718 237 13 16</Position></Frame00002Target00001>
<Frame00002Target00002>
  <Type>"示30-机动车车道"</Type>
  <Position>
    675 253 35 24</Position></Frame00002Target00002>
<Frame00002Target00003>
  <Type>"示28-公交线路专用车道"</Type>
  <Position>
    815 256 34 26</Position></Frame00002Target00003>
<Frame00002Target00004>
  <Type>"示32-非机动车车道"</Type>
  <Position>
    879 260 33 22</Position></Frame00002Target00004>
<Frame00003TargetNumber>5</Frame00003TargetNumber>
<Frame00003Target00000>
  <Type>"示32-非机动车车道"</Type>
  <Position>
    882 254 36 25</Position></Frame00003Target00000>
<Frame00003Target00001>
  <Type>"示28-公交线路专用车道"</Type>
  <Position>
    819 252 35 26</Position></Frame00003Target00001>
<Frame00003Target00002>
  <Type>"示30-机动车车道"</Type>
  <Position>
    673 249 36 24</Position></Frame00003Target00002>
<Frame00003Target00003>
  <Type>"直行箭头绿灯"</Type>
  <Position>
    717 230 15 19</Position></Frame00003Target00003>
<Frame00003Target00004>
  <Type>"左转箭头绿灯"</Type>
  <Position>
    651 232 16 15</Position></Frame00003Target00004>
<Frame00004TargetNumber>5</Frame00004TargetNumber>
<Frame00004Target00000>
  <Type>"左转箭头绿灯"</Type>
  <Position>
    651 219 15 13</Position></Frame00004Target00000>
<Frame00004Target00001>
  <Type>"直行箭头绿灯"</Type>
  <Position>
    721 220 12 14</Position></Frame00004Target00001>
<Frame00004Target00002>
  <Type>"示30-机动车车道"</Type>
  <Position>
    675 237 36 24</Position></Frame00004Target00002>
<Frame00004Target00003>
  <Type>"示28-公交线路专用车道"</Type>
  <Position>
    824 239 36 27</Position></Frame00004Target00003>
<Frame00004Target00004>
  <Type>"示32-非机动车车道"</Type>
  <Position>
    886 241 39 26</Position></Frame00004Target00004>
<Frame00005TargetNumber>5</Frame00005TargetNumber>
<Frame00005Target00000>
  <Type>"示32-非机动车车道"</Type>
  <Position>
    893 244 36 25</Position></Frame00005Target00000>
<Frame00005Target00001>
  <Type>"示28-公交线路专用车道"</Type>
  <Position>
    828 243 36 28</Position></Frame00005Target00001>
<Frame00005Target00002>
  <Type>"示30-机动车车道"</Type>
  <Position>
    672 239 39 26</Position></Frame00005Target00002>
<Frame00005Target00003>
  <Type>"直行箭头绿灯"</Type>
  <Position>
    719 220 18 18</Position></Frame00005Target00003>
<Frame00005Target00004>
  <Type>"左转箭头绿灯"</Type>
  <Position>
    651 220 14 14</Position></Frame00005Target00004>
<Frame00006TargetNumber>5</Frame00006TargetNumber>
<Frame00006Target00000>
  <Type>"左转箭头绿灯"</Type>
  <Position>
    652 220 14 17</Position></Frame00006Target00000>
<Frame00006Target00001>
  <Type>"直行箭头绿灯"</Type>
  <Position>
    723 221 17 17</Position></Frame00006Target00001>
<Frame00006Target00002>
  <Type>"示30-机动车车道"</Type>
  <Position>
    676 240 38 29</Position></Frame00006Target00002>
<Frame00006Target00003>
  <Type>"示28-公交线路专用车道"</Type>
  <Position>
    832 245 37 28</Position></Frame00006Target00003>
<Frame00006Target00004>
  <Type>"示32-非机动车车道"</Type>
  <Position>
    900 246 36 29</Position></Frame00006Target00004>
<Frame00007TargetNumber>5</Frame00007TargetNumber>
<Frame00007Target00000>
  <Type>"示32-非机动车车道"</Type>
  <Position>
    910 238 39 28</Position></Frame00007Target00000>
<Frame00007Target00001>
  <Type>"示28-公交线路专用车道"</Type>
  <Position>
    840 237 38 27</Position></Frame00007Target00001>
<Frame00007Target00002>
  <Type>"示30-机动车车道"</Type>
  <Position>
    679 233 38 28</Position></Frame00007Target00002>
<Frame00007Target00003>
  <Type>"直行箭头绿灯"</Type>
  <Position>
    730 215 14 15</Position></Frame00007Target00003>
<Frame00007Target00004>
  <Type>"左转箭头绿灯"</Type>
  <Position>
    653 211 18 16</Position></Frame00007Target00004>
<Frame00008TargetNumber>5</Frame00008TargetNumber>
<Frame00008Target00000>
  <Type>"左转箭头绿灯"</Type>
  <Position>
    657 208 15 17</Position></Frame00008Target00000>
<Frame00008Target00001>
  <Type>"直行箭头绿灯"</Type>
  <Position>
    732 210 18 19</Position></Frame00008Target00001>
<Frame00008Target00002>
  <Type>"示30-机动车车道"</Type>
  <Position>
    683 231 41 29</Position></Frame00008Target00002>
<Frame00008Target00003>
  <Type>"示28-公交线路专用车道"</Type>
  <Position>
    849 235 40 30</Position></Frame00008Target00003>
<Frame00008Target00004>
  <Type>"示32-非机动车车道"</Type>
  <Position>
    920 235 39 31</Position></Frame00008Target00004>
<Frame00009TargetNumber>5</Frame00009TargetNumber>
<Frame00009Target00000>
  <Type>"示32-非机动车车道"</Type>
  <Position>
    930 234 42 30</Position></Frame00009Target00000>
<Frame00009Target00001>
  <Type>"示28-公交线路专用车道"</Type>
  <Position>
    858 232 39 33</Position></Frame00009Target00001>
<Frame00009Target00002>
  <Type>"示30-机动车车道"</Type>
  <Position>
    688 230 41 30</Position></Frame00009Target00002>
<Frame00009Target00003>
  <Type>"直行箭头绿灯"</Type>
  <Position>
    740 206 17 19</Position></Frame00009Target00003>
<Frame00009Target00004>
  <Type>"左转箭头绿灯"</Type>
  <Position>
    661 206 17 17</Position></Frame00009Target00004>
<Frame00010TargetNumber>5</Frame00010TargetNumber>
<Frame00010Target00000>
  <Type>"左转箭头绿灯"</Type>
  <Position>
    664 207 17 17</Position></Frame00010Target00000>
<Frame00010Target00001>
  <Type>"直行箭头绿灯"</Type>
  <Position>
    747 209 20 19</Position></Frame00010Target00001>
<Frame00010Target00002>
  <Type>"示30-机动车车道"</Type>
  <Position>
    692 232 43 31</Position></Frame00010Target00002>
<Frame00010Target00003>
  <Type>"示28-公交线路专用车道"</Type>
  <Position>
    867 234 44 34</Position></Frame00010Target00003>
<Frame00010Target00004>
  <Type>"示32-非机动车车道"</Type>
  <Position>
    944 236 41 33</Position></Frame00010Target00004>
<Frame00011TargetNumber>5</Frame00011TargetNumber>
<Frame00011Target00000>
  <Type>"示32-非机动车车道"</Type>
  <Position>
    954 238 45 33</Position></Frame00011Target00000>
<Frame00011Target00001>
  <Type>"示28-公交线路专用车道"</Type>
  <Position>
    876 236 43 34</Position></Frame00011Target00001>
<Frame00011Target00002>
  <Type>"示30-机动车车道"</Type>
  <Position>
    699 234 41 29</Position></Frame00011Target00002>
<Frame00011Target00003>
  <Type>"直行箭头绿灯"</Type>
  <Position>
    755 208 15 20</Position></Frame00011Target00003>
<Frame00011Target00004>
  <Type>"左转箭头绿灯"</Type>
  <Position>
    669 206 17 17</Position></Frame00011Target00004>
<Frame00012TargetNumber>5</Frame00012TargetNumber>
