<?xml version="1.0"?>
<opencv_storage>
<FrameNumber>12</FrameNumber>
<Frame00000TargetNumber>1</Frame00000TargetNumber>
<Frame00000Target00000>
  <Type>"禁23-禁止向右转弯"</Type>
  <Position>
    1095 170 77 81</Position></Frame00000Target00000>
<Frame00001TargetNumber>1</Frame00001TargetNumber>
<Frame00001Target00000>
  <Type>"禁23-禁止向右转弯"</Type>
  <Position>
    1095 165 80 82</Position></Frame00001Target00000>
<Frame00002TargetNumber>1</Frame00002TargetNumber>
<Frame00002Target00000>
  <Type>"禁23-禁止向右转弯"</Type>
  <Position>
    1095 162 83 83</Position></Frame00002Target00000>
<Frame00003TargetNumber>1</Frame00003TargetNumber>
<Frame00003Target00000>
  <Type>"禁23-禁止向右转弯"</Type>
  <Position>
    1094 156 87 87</Position></Frame00003Target00000>
<Frame00004TargetNumber>1</Frame00004TargetNumber>
<Frame00004Target00000>
  <Type>"禁23-禁止向右转弯"</Type>
  <Position>
    1098 152 87 89</Position></Frame00004Target00000>
<Frame00005TargetNumber>1</Frame00005TargetNumber>
<Frame00005Target00000>
  <Type>"禁23-禁止向右转弯"</Type>
  <Position>
    1098 148 91 90</Position></Frame00005Target00000>
<Frame00006TargetNumber>1</Frame00006TargetNumber>
<Frame00006Target00000>
  <Type>"禁23-禁止向右转弯"</Type>
  <Position>
    1100 141 96 93</Position></Frame00006Target00000>
<Frame00007TargetNumber>1</Frame00007TargetNumber>
<Frame00007Target00000>
  <Type>"禁23-禁止向右转弯"</Type>
  <Position>
    1106 132 96 98</Position></Frame00007Target00000>
<Frame00008TargetNumber>1</Frame00008TargetNumber>
<Frame00008Target00000>
  <Type>"禁23-禁止向右转弯"</Type>
  <Position>
    1109 124 99 98</Position></Frame00008Target00000>
<Frame00009TargetNumber>1</Frame00009TargetNumber>
<Frame00009Target00000>
  <Type>"禁23-禁止向右转弯"</Type>
  <Position>
    1113 112 106 107</Position></Frame00009Target00000>
<Frame00010TargetNumber>1</Frame00010TargetNumber>
<Frame00010Target00000>
  <Type>"禁23-禁止向右转弯"</Type>
  <Position>
    1118 101 111 112</Position></Frame00010Target00000>
<Frame00011TargetNumber>1</Frame00011TargetNumber>
<Frame00011Target00000>
  <Type>"禁23-禁止向右转弯"</Type>
  <Position>
    1127 94 115 116</Position></Frame00011Target00000>
</opencv_storage>
