<?xml version="1.0"?>
<opencv_storage>
<FrameNumber>11</FrameNumber>
<Frame00000TargetNumber>1</Frame00000TargetNumber>
<Frame00000Target00000>
  <Type>"警5-上陡坡"</Type>
  <Position>
    1164 274 40 33</Position></Frame00000Target00000>
<Frame00001TargetNumber>1</Frame00001TargetNumber>
<Frame00001Target00000>
  <Type>"警5-上陡坡"</Type>
  <Position>
    1170 268 41 39</Position></Frame00001Target00000>
<Frame00002TargetNumber>1</Frame00002TargetNumber>
<Frame00002Target00000>
  <Type>"警5-上陡坡"</Type>
  <Position>
    1173 267 44 39</Position></Frame00002Target00000>
<Frame00003TargetNumber>1</Frame00003TargetNumber>
<Frame00003Target00000>
  <Type>"警5-上陡坡"</Type>
  <Position>
    1182 267 44 38</Position></Frame00003Target00000>
<Frame00004TargetNumber>1</Frame00004TargetNumber>
<Frame00004Target00000>
  <Type>"警5-上陡坡"</Type>
  <Position>
    1187 264 46 42</Position></Frame00004Target00000>
<Frame00005TargetNumber>1</Frame00005TargetNumber>
<Frame00005Target00000>
  <Type>"警5-上陡坡"</Type>
  <Position>
    1194 265 47 40</Position></Frame00005Target00000>
<Frame00006TargetNumber>1</Frame00006TargetNumber>
<Frame00006Target00000>
  <Type>"警5-上陡坡"</Type>
  <Position>
    1197 262 52 44</Position></Frame00006Target00000>
<Frame00007TargetNumber>1</Frame00007TargetNumber>
<Frame00007Target00000>
  <Type>"警5-上陡坡"</Type>
  <Position>
    1205 261 52 43</Position></Frame00007Target00000>
<Frame00008TargetNumber>1</Frame00008TargetNumber>
<Frame00008Target00000>
  <Type>"警5-上陡坡"</Type>
  <Position>
    1217 258 52 48</Position></Frame00008Target00000>
<Frame00009TargetNumber>1</Frame00009TargetNumber>
<Frame00009Target00000>
  <Type>"警5-上陡坡"</Type>
  <Position>
    1226 259 49 45</Position></Frame00009Target00000>
<Frame00010TargetNumber>1</Frame00010TargetNumber>
<Frame00010Target00000>
  <Type>"警5-上陡坡"</Type>
  <Position>
    1234 257 51 48</Position></Frame00010Target00000>
</opencv_storage>
