<?xml version="1.0"?>
<opencv_storage>
<FrameNumber>12</FrameNumber>
<Frame00000TargetNumber>2</Frame00000TargetNumber>
<Frame00000Target00000>
  <Type>"路37-组合使用向右"</Type>
  <Position>
    510 364 61 23</Position></Frame00000Target00000>
<Frame00000Target00001>
  <Type>"路37-组合使用向右"</Type>
  <Position>
    735 351 20 10</Position></Frame00000Target00001>
<Frame00001TargetNumber>2</Frame00001TargetNumber>
<Frame00001Target00000>
  <Type>"路37-组合使用向右"</Type>
  <Position>
    499 363 62 26</Position></Frame00001Target00000>
<Frame00001Target00001>
  <Type>"路37-组合使用向右"</Type>
  <Position>
    737 350 21 10</Position></Frame00001Target00001>
<Frame00002TargetNumber>2</Frame00002TargetNumber>
<Frame00002Target00000>
  <Type>"路37-组合使用向右"</Type>
  <Position>
    490 365 65 28</Position></Frame00002Target00000>
<Frame00002Target00001>
  <Type>"路37-组合使用向右"</Type>
  <Position>
    739 354 17 9</Position></Frame00002Target00001>
<Frame00003TargetNumber>2</Frame00003TargetNumber>
<Frame00003Target00000>
  <Type>"路37-组合使用向右"</Type>
  <Position>
    476 366 70 28</Position></Frame00003Target00000>
<Frame00003Target00001>
  <Type>"路37-组合使用向右"</Type>
  <Position>
    739 354 22 11</Position></Frame00003Target00001>
<Frame00004TargetNumber>2</Frame00004TargetNumber>
<Frame00004Target00000>
  <Type>"路37-组合使用向右"</Type>
  <Position>
    739 353 24 10</Position></Frame00004Target00000>
<Frame00004Target00001>
  <Type>"路37-组合使用向右"</Type>
  <Position>
    466 367 71 28</Position></Frame00004Target00001>
<Frame00005TargetNumber>2</Frame00005TargetNumber>
<Frame00005Target00000>
  <Type>"路37-组合使用向右"</Type>
  <Position>
    450 366 78 31</Position></Frame00005Target00000>
<Frame00005Target00001>
  <Type>"路37-组合使用向右"</Type>
  <Position>
    741 351 24 10</Position></Frame00005Target00001>
<Frame00006TargetNumber>2</Frame00006TargetNumber>
<Frame00006Target00000>
  <Type>"路37-组合使用向右"</Type>
  <Position>
    438 367 78 29</Position></Frame00006Target00000>
<Frame00006Target00001>
  <Type>"路37-组合使用向右"</Type>
  <Position>
    744 350 21 11</Position></Frame00006Target00001>
<Frame00007TargetNumber>2</Frame00007TargetNumber>
<Frame00007Target00000>
  <Type>"路37-组合使用向右"</Type>
  <Position>
    743 350 24 11</Position></Frame00007Target00000>
<Frame00007Target00001>
  <Type>"路37-组合使用向右"</Type>
  <Position>
    421 365 85 32</Position></Frame00007Target00001>
<Frame00008TargetNumber>2</Frame00008TargetNumber>
<Frame00008Target00000>
  <Type>"路37-组合使用向右"</Type>
  <Position>
    404 366 89 32</Position></Frame00008Target00000>
<Frame00008Target00001>
  <Type>"路37-组合使用向右"</Type>
  <Position>
    744 349 22 9</Position></Frame00008Target00001>
<Frame00009TargetNumber>2</Frame00009TargetNumber>
<Frame00009Target00000>
  <Type>"路37-组合使用向右"</Type>
  <Position>
    746 349 24 12</Position></Frame00009Target00000>
<Frame00009Target00001>
  <Type>"路37-组合使用向右"</Type>
  <Position>
    387 366 94 35</Position></Frame00009Target00001>
<Frame00010TargetNumber>2</Frame00010TargetNumber>
<Frame00010Target00000>
  <Type>"路37-组合使用向右"</Type>
  <Position>
    362 372 99 37</Position></Frame00010Target00000>
<Frame00010Target00001>
  <Type>"路37-组合使用向右"</Type>
  <Position>
    744 353 25 12</Position></Frame00010Target00001>
<Frame00011TargetNumber>2</Frame00011TargetNumber>
<Frame00011Target00000>
  <Type>"路37-组合使用向右"</Type>
  <Position>
    746 356 28 11</Position></Frame00011Target00000>
<Frame00011Target00001>
  <Type>"路37-组合使用向右"</Type>
  <Position>
    339 376 105 42</Position></Frame00011Target00001>
</opencv_storage>
