<?xml version="1.0"?>
<opencv_storage>
<FrameNumber>14</FrameNumber>
<Frame00000TargetNumber>1</Frame00000TargetNumber>
<Frame00000Target00000>
  <Type>"示11-环岛行驶"</Type>
  <Position>
    236 328 40 39</Position></Frame00000Target00000>
<Frame00001TargetNumber>1</Frame00001TargetNumber>
<Frame00001Target00000>
  <Type>"示11-环岛行驶"</Type>
  <Position>
    224 325 40 43</Position></Frame00001Target00000>
<Frame00002TargetNumber>1</Frame00002TargetNumber>
<Frame00002Target00000>
  <Type>"示11-环岛行驶"</Type>
  <Position>
    209 325 38 42</Position></Frame00002Target00000>
<Frame00003TargetNumber>1</Frame00003TargetNumber>
<Frame00003Target00000>
  <Type>"示11-环岛行驶"</Type>
  <Position>
    193 324 42 43</Position></Frame00003Target00000>
<Frame00004TargetNumber>1</Frame00004TargetNumber>
<Frame00004Target00000>
  <Type>"示11-环岛行驶"</Type>
  <Position>
    177 324 44 41</Position></Frame00004Target00000>
<Frame00005TargetNumber>1</Frame00005TargetNumber>
<Frame00005Target00000>
  <Type>"示11-环岛行驶"</Type>
  <Position>
    164 327 44 43</Position></Frame00005Target00000>
<Frame00006TargetNumber>1</Frame00006TargetNumber>
<Frame00006Target00000>
  <Type>"示11-环岛行驶"</Type>
  <Position>
    148 327 45 44</Position></Frame00006Target00000>
<Frame00007TargetNumber>1</Frame00007TargetNumber>
<Frame00007Target00000>
  <Type>"示11-环岛行驶"</Type>
  <Position>
    132 331 47 45</Position></Frame00007Target00000>
<Frame00008TargetNumber>1</Frame00008TargetNumber>
<Frame00008Target00000>
  <Type>"示11-环岛行驶"</Type>
  <Position>
    113 332 47 42</Position></Frame00008Target00000>
<Frame00009TargetNumber>1</Frame00009TargetNumber>
<Frame00009Target00000>
  <Type>"示11-环岛行驶"</Type>
  <Position>
    102 329 41 45</Position></Frame00009Target00000>
<Frame00010TargetNumber>1</Frame00010TargetNumber>
<Frame00010Target00000>
  <Type>"示11-环岛行驶"</Type>
  <Position>
    80 328 47 41</Position></Frame00010Target00000>
<Frame00011TargetNumber>1</Frame00011TargetNumber>
<Frame00011Target00000>
  <Type>"示11-环岛行驶"</Type>
  <Position>
    62 326 49 47</Position></Frame00011Target00000>
<Frame00012TargetNumber>1</Frame00012TargetNumber>
<Frame00012Target00000>
  <Type>"示11-环岛行驶"</Type>
  <Position>
    42 324 51 46</Position></Frame00012Target00000>
<Frame00013TargetNumber>1</Frame00013TargetNumber>
<Frame00013Target00000>
  <Type>"示11-环岛行驶"</Type>
  <Position>
    24 325 49 49</Position></Frame00013Target00000>
</opencv_storage>
