<?xml version="1.0"?>
<opencv_storage>
<FrameNumber>14</FrameNumber>
<Frame00000TargetNumber>1</Frame00000TargetNumber>
<Frame00000Target00000>
  <Type>"路34-交通监控设备"</Type>
  <Position>
    1015 278 34 47</Position></Frame00000Target00000>
<Frame00001TargetNumber>1</Frame00001TargetNumber>
<Frame00001Target00000>
  <Type>"路34-交通监控设备"</Type>
  <Position>
    1021 278 34 51</Position></Frame00001Target00000>
<Frame00002TargetNumber>1</Frame00002TargetNumber>
<Frame00002Target00000>
  <Type>"路34-交通监控设备"</Type>
  <Position>
    1036 260 37 54</Position></Frame00002Target00000>
<Frame00003TargetNumber>1</Frame00003TargetNumber>
<Frame00003Target00000>
  <Type>"路34-交通监控设备"</Type>
  <Position>
    1039 268 44 57</Position></Frame00003Target00000>
<Frame00004TargetNumber>1</Frame00004TargetNumber>
<Frame00004Target00000>
  <Type>"路34-交通监控设备"</Type>
  <Position>
    1050 278 41 59</Position></Frame00004Target00000>
<Frame00005TargetNumber>1</Frame00005TargetNumber>
<Frame00005Target00000>
  <Type>"路34-交通监控设备"</Type>
  <Position>
    1059 271 46 54</Position></Frame00005Target00000>
<Frame00006TargetNumber>1</Frame00006TargetNumber>
<Frame00006Target00000>
  <Type>"路34-交通监控设备"</Type>
  <Position>
    1068 256 50 62</Position></Frame00006Target00000>
<Frame00007TargetNumber>1</Frame00007TargetNumber>
<Frame00007Target00000>
  <Type>"路34-交通监控设备"</Type>
  <Position>
    1078 243 52 66</Position></Frame00007Target00000>
<Frame00008TargetNumber>1</Frame00008TargetNumber>
<Frame00008Target00000>
  <Type>"路34-交通监控设备"</Type>
  <Position>
    1090 244 54 65</Position></Frame00008Target00000>
<Frame00009TargetNumber>1</Frame00009TargetNumber>
<Frame00009Target00000>
  <Type>"路34-交通监控设备"</Type>
  <Position>
    1104 242 58 73</Position></Frame00009Target00000>
<Frame00010TargetNumber>1</Frame00010TargetNumber>
<Frame00010Target00000>
  <Type>"路34-交通监控设备"</Type>
  <Position>
    1114 242 66 79</Position></Frame00010Target00000>
<Frame00011TargetNumber>1</Frame00011TargetNumber>
<Frame00011Target00000>
  <Type>"路34-交通监控设备"</Type>
  <Position>
    1128 230 71 88</Position></Frame00011Target00000>
<Frame00012TargetNumber>1</Frame00012TargetNumber>
<Frame00012Target00000>
  <Type>"路34-交通监控设备"</Type>
  <Position>
    1149 224 77 92</Position></Frame00012Target00000>
<Frame00013TargetNumber>1</Frame00013TargetNumber>
<Frame00013Target00000>
  <Type>"路34-交通监控设备"</Type>
  <Position>
    1175 220 80 98</Position></Frame00013Target00000>
</opencv_storage>
