<?xml version="1.0"?>
<opencv_storage>
<FrameNumber>49</FrameNumber>
<Frame00000TargetNumber>1</Frame00000TargetNumber>
<Frame00000Target00000>
  <Type>"警1-T型交叉左"</Type>
  <Position>
    862 296 36 35</Position></Frame00000Target00000>
<Frame00001TargetNumber>1</Frame00001TargetNumber>
<Frame00001Target00000>
  <Type>"警1-T型交叉左"</Type>
  <Position>
    864 297 34 32</Position></Frame00001Target00000>
<Frame00002TargetNumber>1</Frame00002TargetNumber>
<Frame00002Target00000>
  <Type>"警1-T型交叉左"</Type>
  <Position>
    864 299 35 31</Position></Frame00002Target00000>
<Frame00003TargetNumber>1</Frame00003TargetNumber>
<Frame00003Target00000>
  <Type>"警1-T型交叉左"</Type>
  <Position>
    863 297 39 34</Position></Frame00003Target00000>
<Frame00004TargetNumber>1</Frame00004TargetNumber>
<Frame00004Target00000>
  <Type>"警1-T型交叉左"</Type>
  <Position>
    865 296 40 32</Position></Frame00004Target00000>
<Frame00005TargetNumber>1</Frame00005TargetNumber>
<Frame00005Target00000>
  <Type>"警1-T型交叉左"</Type>
  <Position>
    871 297 35 30</Position></Frame00005Target00000>
<Frame00006TargetNumber>1</Frame00006TargetNumber>
<Frame00006Target00000>
  <Type>"警1-T型交叉左"</Type>
  <Position>
    870 296 37 34</Position></Frame00006Target00000>
<Frame00007TargetNumber>1</Frame00007TargetNumber>
<Frame00007Target00000>
  <Type>"警1-T型交叉左"</Type>
  <Position>
    875 294 33 37</Position></Frame00007Target00000>
<Frame00008TargetNumber>1</Frame00008TargetNumber>
<Frame00008Target00000>
  <Type>"警1-T型交叉左"</Type>
  <Position>
    878 298 34 32</Position></Frame00008Target00000>
<Frame00009TargetNumber>1</Frame00009TargetNumber>
<Frame00009Target00000>
  <Type>"警1-T型交叉左"</Type>
  <Position>
    874 297 40 34</Position></Frame00009Target00000>
<Frame00010TargetNumber>1</Frame00010TargetNumber>
<Frame00010Target00000>
  <Type>"警1-T型交叉左"</Type>
  <Position>
    880 292 36 37</Position></Frame00010Target00000>
<Frame00011TargetNumber>1</Frame00011TargetNumber>
<Frame00011Target00000>
  <Type>"警1-T型交叉左"</Type>
  <Position>
    882 287 39 36</Position></Frame00011Target00000>
<Frame00012TargetNumber>1</Frame00012TargetNumber>
<Frame00012Target00000>
  <Type>"警1-T型交叉左"</Type>
  <Position>
    885 288 36 37</Position></Frame00012Target00000>
<Frame00013TargetNumber>1</Frame00013TargetNumber>
<Frame00013Target00000>
  <Type>"警1-T型交叉左"</Type>
  <Position>
    885 291 41 37</Position></Frame00013Target00000>
<Frame00014TargetNumber>1</Frame00014TargetNumber>
<Frame00014Target00000>
  <Type>"警1-T型交叉左"</Type>
  <Position>
    887 294 41 37</Position></Frame00014Target00000>
<Frame00015TargetNumber>1</Frame00015TargetNumber>
<Frame00015Target00000>
  <Type>"警1-T型交叉左"</Type>
  <Position>
    889 294 41 38</Position></Frame00015Target00000>
<Frame00016TargetNumber>1</Frame00016TargetNumber>
<Frame00016Target00000>
  <Type>"警1-T型交叉左"</Type>
  <Position>
    890 295 44 35</Position></Frame00016Target00000>
<Frame00017TargetNumber>1</Frame00017TargetNumber>
<Frame00017Target00000>
  <Type>"警1-T型交叉左"</Type>
  <Position>
    890 293 47 37</Position></Frame00017Target00000>
<Frame00018TargetNumber>1</Frame00018TargetNumber>
<Frame00018Target00000>
  <Type>"警1-T型交叉左"</Type>
  <Position>
    895 288 47 44</Position></Frame00018Target00000>
<Frame00019TargetNumber>1</Frame00019TargetNumber>
<Frame00019Target00000>
  <Type>"警1-T型交叉左"</Type>
  <Position>
    898 292 44 41</Position></Frame00019Target00000>
<Frame00020TargetNumber>1</Frame00020TargetNumber>
<Frame00020Target00000>
  <Type>"警1-T型交叉左"</Type>
  <Position>
    899 288 46 40</Position></Frame00020Target00000>
<Frame00021TargetNumber>1</Frame00021TargetNumber>
<Frame00021Target00000>
  <Type>"警1-T型交叉左"</Type>
  <Position>
    904 289 44 42</Position></Frame00021Target00000>
<Frame00022TargetNumber>1</Frame00022TargetNumber>
<Frame00022Target00000>
  <Type>"警1-T型交叉左"</Type>
  <Position>
    902 289 50 44</Position></Frame00022Target00000>
<Frame00023TargetNumber>1</Frame00023TargetNumber>
<Frame00023Target00000>
  <Type>"警1-T型交叉左"</Type>
  <Position>
    906 291 49 43</Position></Frame00023Target00000>
<Frame00024TargetNumber>1</Frame00024TargetNumber>
<Frame00024Target00000>
  <Type>"警1-T型交叉左"</Type>
  <Position>
    906 286 53 46</Position></Frame00024Target00000>
<Frame00025TargetNumber>1</Frame00025TargetNumber>
<Frame00025Target00000>
  <Type>"警1-T型交叉左"</Type>
  <Position>
    911 283 50 47</Position></Frame00025Target00000>
<Frame00026TargetNumber>1</Frame00026TargetNumber>
<Frame00026Target00000>
  <Type>"警1-T型交叉左"</Type>
  <Position>
    911 286 56 45</Position></Frame00026Target00000>
<Frame00027TargetNumber>1</Frame00027TargetNumber>
<Frame00027Target00000>
  <Type>"警1-T型交叉左"</Type>
  <Position>
    916 283 52 49</Position></Frame00027Target00000>
<Frame00028TargetNumber>1</Frame00028TargetNumber>
<Frame00028Target00000>
  <Type>"警1-T型交叉左"</Type>
  <Position>
    918 284 53 47</Position></Frame00028Target00000>
<Frame00029TargetNumber>1</Frame00029TargetNumber>
<Frame00029Target00000>
  <Type>"警1-T型交叉左"</Type>
  <Position>
    924 285 51 48</Position></Frame00029Target00000>
<Frame00030TargetNumber>1</Frame00030TargetNumber>
<Frame00030Target00000>
  <Type>"警1-T型交叉左"</Type>
  <Position>
    924 276 57 56</Position></Frame00030Target00000>
<Frame00031TargetNumber>1</Frame00031TargetNumber>
<Frame00031Target00000>
  <Type>"警1-T型交叉左"</Type>
  <Position>
    928 278 56 51</Position></Frame00031Target00000>
<Frame00032TargetNumber>1</Frame00032TargetNumber>
<Frame00032Target00000>
  <Type>"警1-T型交叉左"</Type>
  <Position>
    932 280 59 54</Position></Frame00032Target00000>
<Frame00033TargetNumber>1</Frame00033TargetNumber>
<Frame00033Target00000>
  <Type>"警1-T型交叉左"</Type>
  <Position>
    936 278 61 55</Position></Frame00033Target00000>
<Frame00034TargetNumber>1</Frame00034TargetNumber>
<Frame00034Target00000>
  <Type>"警1-T型交叉左"</Type>
  <Position>
    938 273 62 59</Position></Frame00034Target00000>
<Frame00035TargetNumber>1</Frame00035TargetNumber>
<Frame00035Target00000>
  <Type>"警1-T型交叉左"</Type>
  <Position>
    942 271 64 60</Position></Frame00035Target00000>
<Frame00036TargetNumber>1</Frame00036TargetNumber>
<Frame00036Target00000>
  <Type>"警1-T型交叉左"</Type>
  <Position>
    949 268 65 63</Position></Frame00036Target00000>
<Frame00037TargetNumber>1</Frame00037TargetNumber>
<Frame00037Target00000>
  <Type>"警1-T型交叉左"</Type>
  <Position>
    952 272 67 61</Position></Frame00037Target00000>
<Frame00038TargetNumber>1</Frame00038TargetNumber>
<Frame00038Target00000>
  <Type>"警1-T型交叉左"</Type>
  <Position>
    952 270 75 65</Position></Frame00038Target00000>
<Frame00039TargetNumber>1</Frame00039TargetNumber>
<Frame00039Target00000>
  <Type>"警1-T型交叉左"</Type>
  <Position>
    961 267 73 64</Position></Frame00039Target00000>
<Frame00040TargetNumber>1</Frame00040TargetNumber>
<Frame00040Target00000>
  <Type>"警1-T型交叉左"</Type>
  <Position>
    967 260 77 66</Position></Frame00040Target00000>
<Frame00041TargetNumber>1</Frame00041TargetNumber>
<Frame00041Target00000>
  <Type>"警1-T型交叉左"</Type>
  <Position>
    972 256 79 71</Position></Frame00041Target00000>
<Frame00042TargetNumber>1</Frame00042TargetNumber>
<Frame00042Target00000>
  <Type>"警1-T型交叉左"</Type>
  <Position>
    982 255 81 74</Position></Frame00042Target00000>
<Frame00043TargetNumber>1</Frame00043TargetNumber>
<Frame00043Target00000>
  <Type>"警1-T型交叉左"</Type>
  <Position>
    986 253 84 76</Position></Frame00043Target00000>
<Frame00044TargetNumber>1</Frame00044TargetNumber>
<Frame00044Target00000>
  <Type>"警1-T型交叉左"</Type>
  <Position>
    995 254 90 76</Position></Frame00044Target00000>
<Frame00045TargetNumber>1</Frame00045TargetNumber>
<Frame00045Target00000>
  <Type>"警1-T型交叉左"</Type>
  <Position>
    1004 248 88 82</Position></Frame00045Target00000>
