<?xml version="1.0"?>
<opencv_storage>
<FrameNumber>65</FrameNumber>
<Frame00000TargetNumber>1</Frame00000TargetNumber>
<Frame00000Target00000>
  <Type>"路5-丁字交叉路口"</Type>
  <Position>
    634 182 169 84</Position></Frame00000Target00000>
<Frame00001TargetNumber>1</Frame00001TargetNumber>
<Frame00001Target00000>
  <Type>"路5-丁字交叉路口"</Type>
  <Position>
    650 178 178 85</Position></Frame00001Target00000>
<Frame00002TargetNumber>1</Frame00002TargetNumber>
<Frame00002Target00000>
  <Type>"路5-丁字交叉路口"</Type>
  <Position>
    663 165 188 93</Position></Frame00002Target00000>
<Frame00003TargetNumber>1</Frame00003TargetNumber>
<Frame00003Target00000>
  <Type>"路5-丁字交叉路口"</Type>
  <Position>
    681 149 193 92</Position></Frame00003Target00000>
<Frame00004TargetNumber>1</Frame00004TargetNumber>
<Frame00004Target00000>
  <Type>"路5-丁字交叉路口"</Type>
  <Position>
    693 136 207 101</Position></Frame00004Target00000>
<Frame00005TargetNumber>2</Frame00005TargetNumber>
<Frame00005Target00000>
  <Type>"路5-丁字交叉路口"</Type>
  <Position>
    709 121 213 102</Position></Frame00005Target00000>
<Frame00005Target00001>
  <Type>"圆形红灯"</Type>
  <Position>
    662 414 15 19</Position></Frame00005Target00001>
<Frame00006TargetNumber>2</Frame00006TargetNumber>
<Frame00006Target00000>
  <Type>"圆形红灯"</Type>
  <Position>
    674 411 12 18</Position></Frame00006Target00000>
<Frame00006Target00001>
  <Type>"路5-丁字交叉路口"</Type>
  <Position>
    724 100 228 111</Position></Frame00006Target00001>
<Frame00007TargetNumber>2</Frame00007TargetNumber>
<Frame00007Target00000>
  <Type>"路5-丁字交叉路口"</Type>
  <Position>
    736 79 243 116</Position></Frame00007Target00000>
<Frame00007Target00001>
  <Type>"圆形红灯"</Type>
  <Position>
    682 408 16 16</Position></Frame00007Target00001>
<Frame00008TargetNumber>2</Frame00008TargetNumber>
<Frame00008Target00000>
  <Type>"圆形红灯"</Type>
  <Position>
    687 402 19 23</Position></Frame00008Target00000>
<Frame00008Target00001>
  <Type>"路5-丁字交叉路口"</Type>
  <Position>
    749 55 253 125</Position></Frame00008Target00001>
<Frame00009TargetNumber>2</Frame00009TargetNumber>
<Frame00009Target00000>
  <Type>"路5-丁字交叉路口"</Type>
  <Position>
    758 33 273 134</Position></Frame00009Target00000>
<Frame00009Target00001>
  <Type>"圆形红灯"</Type>
  <Position>
    694 410 16 20</Position></Frame00009Target00001>
<Frame00010TargetNumber>2</Frame00010TargetNumber>
<Frame00010Target00000>
  <Type>"圆形红灯"</Type>
  <Position>
    692 410 18 16</Position></Frame00010Target00000>
<Frame00010Target00001>
  <Type>"路5-丁字交叉路口"</Type>
  <Position>
    764 3 292 145</Position></Frame00010Target00001>
<Frame00011TargetNumber>2</Frame00011TargetNumber>
<Frame00011Target00000>
  <Type>"路5-丁字交叉路口"</Type>
  <Position>
    781 2 309 126</Position></Frame00011Target00000>
<Frame00011Target00001>
  <Type>"圆形红灯"</Type>
  <Position>
    695 409 18 15</Position></Frame00011Target00001>
<Frame00012TargetNumber>1</Frame00012TargetNumber>
<Frame00012Target00000>
  <Type>"圆形红灯"</Type>
  <Position>
    694 404 26 23</Position></Frame00012Target00000>
<Frame00013TargetNumber>1</Frame00013TargetNumber>
<Frame00013Target00000>
  <Type>"圆形红灯"</Type>
  <Position>
    695 407 14 18</Position></Frame00013Target00000>
<Frame00014TargetNumber>1</Frame00014TargetNumber>
<Frame00014Target00000>
  <Type>"圆形红灯"</Type>
  <Position>
    692 405 23 30</Position></Frame00014Target00000>
<Frame00015TargetNumber>1</Frame00015TargetNumber>
<Frame00015Target00000>
  <Type>"圆形红灯"</Type>
  <Position>
    690 401 16 21</Position></Frame00015Target00000>
<Frame00016TargetNumber>0</Frame00016TargetNumber>
<Frame00017TargetNumber>1</Frame00017TargetNumber>
<Frame00017Target00000>
  <Type>"圆形红灯"</Type>
  <Position>
    678 404 24 18</Position></Frame00017Target00000>
<Frame00018TargetNumber>0</Frame00018TargetNumber>
<Frame00019TargetNumber>1</Frame00019TargetNumber>
<Frame00019Target00000>
  <Type>"圆形红灯"</Type>
  <Position>
    668 395 9 18</Position></Frame00019Target00000>
<Frame00020TargetNumber>1</Frame00020TargetNumber>
<Frame00020Target00000>
  <Type>"圆形红灯"</Type>
  <Position>
    654 400 26 28</Position></Frame00020Target00000>
<Frame00021TargetNumber>0</Frame00021TargetNumber>
<Frame00022TargetNumber>0</Frame00022TargetNumber>
<Frame00023TargetNumber>1</Frame00023TargetNumber>
<Frame00023Target00000>
  <Type>"圆形红灯"</Type>
  <Position>
    635 395 21 19</Position></Frame00023Target00000>
<Frame00024TargetNumber>1</Frame00024TargetNumber>
<Frame00024Target00000>
  <Type>"圆形红灯"</Type>
  <Position>
    622 397 24 26</Position></Frame00024Target00000>
<Frame00025TargetNumber>1</Frame00025TargetNumber>
<Frame00025Target00000>
  <Type>"圆形红灯"</Type>
  <Position>
    618 394 13 22</Position></Frame00025Target00000>
<Frame00026TargetNumber>0</Frame00026TargetNumber>
<Frame00027TargetNumber>1</Frame00027TargetNumber>
<Frame00027Target00000>
  <Type>"圆形红灯"</Type>
  <Position>
    605 393 13 21</Position></Frame00027Target00000>
<Frame00028TargetNumber>0</Frame00028TargetNumber>
<Frame00029TargetNumber>0</Frame00029TargetNumber>
<Frame00030TargetNumber>1</Frame00030TargetNumber>
<Frame00030Target00000>
  <Type>"圆形红灯"</Type>
  <Position>
    574 383 28 25</Position></Frame00030Target00000>
<Frame00031TargetNumber>1</Frame00031TargetNumber>
<Frame00031Target00000>
  <Type>"圆形红灯"</Type>
  <Position>
    570 389 22 24</Position></Frame00031Target00000>
<Frame00032TargetNumber>1</Frame00032TargetNumber>
<Frame00032Target00000>
  <Type>"圆形红灯"</Type>
  <Position>
    559 395 29 25</Position></Frame00032Target00000>
<Frame00033TargetNumber>1</Frame00033TargetNumber>
<Frame00033Target00000>
  <Type>"圆形红灯"</Type>
  <Position>
    554 398 22 19</Position></Frame00033Target00000>
<Frame00034TargetNumber>1</Frame00034TargetNumber>
<Frame00034Target00000>
  <Type>"圆形红灯"</Type>
  <Position>
    552 395 20 29</Position></Frame00034Target00000>
<Frame00035TargetNumber>1</Frame00035TargetNumber>
<Frame00035Target00000>
  <Type>"圆形红灯"</Type>
  <Position>
    548 398 14 24</Position></Frame00035Target00000>
<Frame00036TargetNumber>0</Frame00036TargetNumber>
<Frame00037TargetNumber>1</Frame00037TargetNumber>
<Frame00037Target00000>
  <Type>"圆形红灯"</Type>
  <Position>
    528 398 25 22</Position></Frame00037Target00000>
<Frame00038TargetNumber>0</Frame00038TargetNumber>
<Frame00039TargetNumber>1</Frame00039TargetNumber>
<Frame00039Target00000>
  <Type>"圆形红灯"</Type>
  <Position>
    522 387 23 22</Position></Frame00039Target00000>
<Frame00040TargetNumber>0</Frame00040TargetNumber>
<Frame00041TargetNumber>1</Frame00041TargetNumber>
<Frame00041Target00000>
  <Type>"圆形红灯"</Type>
  <Position>
    512 397 20 20</Position></Frame00041Target00000>
<Frame00042TargetNumber>1</Frame00042TargetNumber>
<Frame00042Target00000>
  <Type>"圆形红灯"</Type>
  <Position>
    503 377 28 36</Position></Frame00042Target00000>
<Frame00043TargetNumber>1</Frame00043TargetNumber>
<Frame00043Target00000>
  <Type>"圆形红灯"</Type>
  <Position>
    503 384 24 30</Position></Frame00043Target00000>
<Frame00044TargetNumber>1</Frame00044TargetNumber>
<Frame00044Target00000>
  <Type>"圆形红灯"</Type>
  <Position>
    502 381 19 28</Position></Frame00044Target00000>
<Frame00045TargetNumber>1</Frame00045TargetNumber>
<Frame00045Target00000>
  <Type>"圆形红灯"</Type>
  <Position>
    496 382 26 31</Position></Frame00045Target00000>
<Frame00046TargetNumber>1</Frame00046TargetNumber>
<Frame00046Target00000>
  <Type>"圆形红灯"</Type>
  <Position>
    489 389 37 30</Position></Frame00046Target00000>
<Frame00047TargetNumber>0</Frame00047TargetNumber>
<Frame00048TargetNumber>1</Frame00048TargetNumber>
<Frame00048Target00000>
  <Type>"圆形红灯"</Type>
  <Position>
    476 393 31 28</Position></Frame00048Target00000>
<Frame00049TargetNumber>1</Frame00049TargetNumber>
