<?xml version="1.0"?>
<opencv_storage>
<FrameNumber>15</FrameNumber>
<Frame00000TargetNumber>1</Frame00000TargetNumber>
<Frame00000Target00000>
  <Type>"禁28-禁止掉头"</Type>
  <Position>
    113 173 52 56</Position></Frame00000Target00000>
<Frame00001TargetNumber>1</Frame00001TargetNumber>
<Frame00001Target00000>
  <Type>"禁28-禁止掉头"</Type>
  <Position>
    110 170 52 58</Position></Frame00001Target00000>
<Frame00002TargetNumber>1</Frame00002TargetNumber>
<Frame00002Target00000>
  <Type>"禁28-禁止掉头"</Type>
  <Position>
    108 167 51 61</Position></Frame00002Target00000>
<Frame00003TargetNumber>1</Frame00003TargetNumber>
<Frame00003Target00000>
  <Type>"禁28-禁止掉头"</Type>
  <Position>
    106 170 53 56</Position></Frame00003Target00000>
<Frame00004TargetNumber>1</Frame00004TargetNumber>
<Frame00004Target00000>
  <Type>"禁28-禁止掉头"</Type>
  <Position>
    103 165 53 62</Position></Frame00004Target00000>
<Frame00005TargetNumber>1</Frame00005TargetNumber>
<Frame00005Target00000>
  <Type>"禁28-禁止掉头"</Type>
  <Position>
    101 167 52 60</Position></Frame00005Target00000>
<Frame00006TargetNumber>1</Frame00006TargetNumber>
<Frame00006Target00000>
  <Type>"禁28-禁止掉头"</Type>
  <Position>
    97 165 53 60</Position></Frame00006Target00000>
<Frame00007TargetNumber>1</Frame00007TargetNumber>
<Frame00007Target00000>
  <Type>"禁28-禁止掉头"</Type>
  <Position>
    98 163 51 63</Position></Frame00007Target00000>
<Frame00008TargetNumber>1</Frame00008TargetNumber>
<Frame00008Target00000>
  <Type>"禁28-禁止掉头"</Type>
  <Position>
    96 164 50 61</Position></Frame00008Target00000>
<Frame00009TargetNumber>1</Frame00009TargetNumber>
<Frame00009Target00000>
  <Type>"禁28-禁止掉头"</Type>
  <Position>
    92 165 54 59</Position></Frame00009Target00000>
<Frame00010TargetNumber>1</Frame00010TargetNumber>
<Frame00010Target00000>
  <Type>"禁28-禁止掉头"</Type>
  <Position>
    89 162 53 61</Position></Frame00010Target00000>
<Frame00011TargetNumber>1</Frame00011TargetNumber>
<Frame00011Target00000>
  <Type>"禁28-禁止掉头"</Type>
  <Position>
    86 164 52 59</Position></Frame00011Target00000>
<Frame00012TargetNumber>1</Frame00012TargetNumber>
<Frame00012Target00000>
  <Type>"禁28-禁止掉头"</Type>
  <Position>
    83 165 52 63</Position></Frame00012Target00000>
<Frame00013TargetNumber>1</Frame00013TargetNumber>
<Frame00013Target00000>
  <Type>"禁28-禁止掉头"</Type>
  <Position>
    78 166 52 60</Position></Frame00013Target00000>
<Frame00014TargetNumber>1</Frame00014TargetNumber>
<Frame00014Target00000>
  <Type>"禁28-禁止掉头"</Type>
  <Position>
    75 165 50 63</Position></Frame00014Target00000>
</opencv_storage>
