<?xml version="1.0"?>
<opencv_storage>
<FrameNumber>14</FrameNumber>
<Frame00000TargetNumber>1</Frame00000TargetNumber>
<Frame00000Target00000>
  <Type>"禁36-限制质量"</Type>
  <Position>
    1215 234 51 50</Position></Frame00000Target00000>
<Frame00001TargetNumber>1</Frame00001TargetNumber>
<Frame00001Target00000>
  <Type>"禁36-限制质量"</Type>
  <Position>
    1184 230 55 48</Position></Frame00001Target00000>
<Frame00002TargetNumber>1</Frame00002TargetNumber>
<Frame00002Target00000>
  <Type>"禁36-限制质量"</Type>
  <Position>
    1160 233 53 52</Position></Frame00002Target00000>
<Frame00003TargetNumber>1</Frame00003TargetNumber>
<Frame00003Target00000>
  <Type>"禁36-限制质量"</Type>
  <Position>
    1147 233 56 58</Position></Frame00003Target00000>
<Frame00004TargetNumber>1</Frame00004TargetNumber>
<Frame00004Target00000>
  <Type>"禁36-限制质量"</Type>
  <Position>
    1139 236 57 54</Position></Frame00004Target00000>
<Frame00005TargetNumber>1</Frame00005TargetNumber>
<Frame00005Target00000>
  <Type>"禁36-限制质量"</Type>
  <Position>
    1128 232 60 57</Position></Frame00005Target00000>
<Frame00006TargetNumber>1</Frame00006TargetNumber>
<Frame00006Target00000>
  <Type>"禁36-限制质量"</Type>
  <Position>
    1119 221 61 61</Position></Frame00006Target00000>
<Frame00007TargetNumber>1</Frame00007TargetNumber>
<Frame00007Target00000>
  <Type>"禁36-限制质量"</Type>
  <Position>
    1118 220 59 60</Position></Frame00007Target00000>
<Frame00008TargetNumber>1</Frame00008TargetNumber>
<Frame00008Target00000>
  <Type>"禁36-限制质量"</Type>
  <Position>
    1117 212 65 64</Position></Frame00008Target00000>
<Frame00009TargetNumber>1</Frame00009TargetNumber>
<Frame00009Target00000>
  <Type>"禁36-限制质量"</Type>
  <Position>
    1120 210 67 65</Position></Frame00009Target00000>
<Frame00010TargetNumber>1</Frame00010TargetNumber>
<Frame00010Target00000>
  <Type>"禁36-限制质量"</Type>
  <Position>
    1124 211 69 65</Position></Frame00010Target00000>
<Frame00011TargetNumber>1</Frame00011TargetNumber>
<Frame00011Target00000>
  <Type>"禁36-限制质量"</Type>
  <Position>
    1130 210 70 69</Position></Frame00011Target00000>
<Frame00012TargetNumber>1</Frame00012TargetNumber>
<Frame00012Target00000>
  <Type>"禁36-限制质量"</Type>
  <Position>
    1140 211 73 70</Position></Frame00012Target00000>
<Frame00013TargetNumber>1</Frame00013TargetNumber>
<Frame00013Target00000>
  <Type>"禁36-限制质量"</Type>
  <Position>
    1162 196 77 76</Position></Frame00013Target00000>
</opencv_storage>
