<?xml version="1.0"?>
<opencv_storage>
<FrameNumber>12</FrameNumber>
<Frame00000TargetNumber>1</Frame00000TargetNumber>
<Frame00000Target00000>
  <Type>"禁15-禁止某两种车驶入"</Type>
  <Position>
    310 256 58 59</Position></Frame00000Target00000>
<Frame00001TargetNumber>1</Frame00001TargetNumber>
<Frame00001Target00000>
  <Type>"禁15-禁止某两种车驶入"</Type>
  <Position>
    293 252 60 64</Position></Frame00001Target00000>
<Frame00002TargetNumber>1</Frame00002TargetNumber>
<Frame00002Target00000>
  <Type>"禁15-禁止某两种车驶入"</Type>
  <Position>
    278 249 60 66</Position></Frame00002Target00000>
<Frame00003TargetNumber>1</Frame00003TargetNumber>
<Frame00003Target00000>
  <Type>"禁15-禁止某两种车驶入"</Type>
  <Position>
    255 249 68 66</Position></Frame00003Target00000>
<Frame00004TargetNumber>1</Frame00004TargetNumber>
<Frame00004Target00000>
  <Type>"禁15-禁止某两种车驶入"</Type>
  <Position>
    235 246 71 72</Position></Frame00004Target00000>
<Frame00005TargetNumber>1</Frame00005TargetNumber>
<Frame00005Target00000>
  <Type>"禁15-禁止某两种车驶入"</Type>
  <Position>
    215 245 72 73</Position></Frame00005Target00000>
<Frame00006TargetNumber>1</Frame00006TargetNumber>
<Frame00006Target00000>
  <Type>"禁15-禁止某两种车驶入"</Type>
  <Position>
    192 243 76 78</Position></Frame00006Target00000>
<Frame00007TargetNumber>1</Frame00007TargetNumber>
<Frame00007Target00000>
  <Type>"禁15-禁止某两种车驶入"</Type>
  <Position>
    166 243 81 80</Position></Frame00007Target00000>
<Frame00008TargetNumber>1</Frame00008TargetNumber>
<Frame00008Target00000>
  <Type>"禁15-禁止某两种车驶入"</Type>
  <Position>
    137 235 86 86</Position></Frame00008Target00000>
<Frame00009TargetNumber>1</Frame00009TargetNumber>
<Frame00009Target00000>
  <Type>"禁15-禁止某两种车驶入"</Type>
  <Position>
    105 231 92 89</Position></Frame00009Target00000>
<Frame00010TargetNumber>1</Frame00010TargetNumber>
<Frame00010Target00000>
  <Type>"禁15-禁止某两种车驶入"</Type>
  <Position>
    67 223 100 97</Position></Frame00010Target00000>
<Frame00011TargetNumber>1</Frame00011TargetNumber>
<Frame00011Target00000>
  <Type>"禁15-禁止某两种车驶入"</Type>
  <Position>
    30 220 104 102</Position></Frame00011Target00000>
</opencv_storage>
