<?xml version="1.0"?>
<opencv_storage>
<FrameNumber>12</FrameNumber>
<Frame00000TargetNumber>1</Frame00000TargetNumber>
<Frame00000Target00000>
  <Type>"禁29-禁止超车"</Type>
  <Position>
    836 246 34 30</Position></Frame00000Target00000>
<Frame00001TargetNumber>1</Frame00001TargetNumber>
<Frame00001Target00000>
  <Type>"禁29-禁止超车"</Type>
  <Position>
    842 245 33 35</Position></Frame00001Target00000>
<Frame00002TargetNumber>1</Frame00002TargetNumber>
<Frame00002Target00000>
  <Type>"禁29-禁止超车"</Type>
  <Position>
    847 239 36 32</Position></Frame00002Target00000>
<Frame00003TargetNumber>1</Frame00003TargetNumber>
<Frame00003Target00000>
  <Type>"禁29-禁止超车"</Type>
  <Position>
    856 232 36 36</Position></Frame00003Target00000>
<Frame00004TargetNumber>1</Frame00004TargetNumber>
<Frame00004Target00000>
  <Type>"禁29-禁止超车"</Type>
  <Position>
    863 226 41 36</Position></Frame00004Target00000>
<Frame00005TargetNumber>1</Frame00005TargetNumber>
<Frame00005Target00000>
  <Type>"禁29-禁止超车"</Type>
  <Position>
    873 221 44 42</Position></Frame00005Target00000>
<Frame00006TargetNumber>1</Frame00006TargetNumber>
<Frame00006Target00000>
  <Type>"禁29-禁止超车"</Type>
  <Position>
    885 212 45 43</Position></Frame00006Target00000>
<Frame00007TargetNumber>1</Frame00007TargetNumber>
<Frame00007Target00000>
  <Type>"禁29-禁止超车"</Type>
  <Position>
    898 203 47 47</Position></Frame00007Target00000>
<Frame00008TargetNumber>1</Frame00008TargetNumber>
<Frame00008Target00000>
  <Type>"禁29-禁止超车"</Type>
  <Position>
    917 198 54 51</Position></Frame00008Target00000>
<Frame00009TargetNumber>1</Frame00009TargetNumber>
<Frame00009Target00000>
  <Type>"禁29-禁止超车"</Type>
  <Position>
    939 183 57 56</Position></Frame00009Target00000>
<Frame00010TargetNumber>1</Frame00010TargetNumber>
<Frame00010Target00000>
  <Type>"禁29-禁止超车"</Type>
  <Position>
    966 171 62 64</Position></Frame00010Target00000>
<Frame00011TargetNumber>1</Frame00011TargetNumber>
<Frame00011Target00000>
  <Type>"禁29-禁止超车"</Type>
  <Position>
    996 161 73 67</Position></Frame00011Target00000>
</opencv_storage>
