<?xml version="1.0"?>
<opencv_storage>
<FrameNumber>30</FrameNumber>
<Frame00000TargetNumber>4</Frame00000TargetNumber>
<Frame00000Target00000>
  <Type>"示28-公交线路专用车道"</Type>
  <Position>
    725 297 42 29</Position></Frame00000Target00000>
<Frame00000Target00001>
  <Type>"直行箭头绿灯"</Type>
  <Position>
    544 251 27 26</Position></Frame00000Target00001>
<Frame00000Target00002>
  <Type>"直行箭头绿灯"</Type>
  <Position>
    633 253 27 23</Position></Frame00000Target00002>
<Frame00000Target00003>
  <Type>"圆形绿灯"</Type>
  <Position>
    787 255 27 27</Position></Frame00000Target00003>
<Frame00001TargetNumber>4</Frame00001TargetNumber>
<Frame00001Target00000>
  <Type>"圆形绿灯"</Type>
  <Position>
    792 246 32 26</Position></Frame00001Target00000>
<Frame00001Target00001>
  <Type>"直行箭头绿灯"</Type>
  <Position>
    629 249 25 24</Position></Frame00001Target00001>
<Frame00001Target00002>
  <Type>"直行箭头绿灯"</Type>
  <Position>
    537 252 30 22</Position></Frame00001Target00002>
<Frame00001Target00003>
  <Type>"示28-公交线路专用车道"</Type>
  <Position>
    726 292 44 31</Position></Frame00001Target00003>
<Frame00002TargetNumber>4</Frame00002TargetNumber>
<Frame00002Target00000>
  <Type>"示28-公交线路专用车道"</Type>
  <Position>
    728 288 44 32</Position></Frame00002Target00000>
<Frame00002Target00001>
  <Type>"直行箭头绿灯"</Type>
  <Position>
    534 243 28 22</Position></Frame00002Target00001>
<Frame00002Target00002>
  <Type>"直行箭头绿灯"</Type>
  <Position>
    632 245 24 20</Position></Frame00002Target00002>
<Frame00002Target00003>
  <Type>"圆形绿灯"</Type>
  <Position>
    795 246 28 27</Position></Frame00002Target00003>
<Frame00003TargetNumber>4</Frame00003TargetNumber>
<Frame00003Target00000>
  <Type>"圆形绿灯"</Type>
  <Position>
    795 236 28 28</Position></Frame00003Target00000>
<Frame00003Target00001>
  <Type>"直行箭头绿灯"</Type>
  <Position>
    630 241 20 17</Position></Frame00003Target00001>
<Frame00003Target00002>
  <Type>"直行箭头绿灯"</Type>
  <Position>
    534 241 31 20</Position></Frame00003Target00002>
<Frame00003Target00003>
  <Type>"示28-公交线路专用车道"</Type>
  <Position>
    729 282 48 32</Position></Frame00003Target00003>
<Frame00004TargetNumber>4</Frame00004TargetNumber>
<Frame00004Target00000>
  <Type>"示28-公交线路专用车道"</Type>
  <Position>
    730 280 48 34</Position></Frame00004Target00000>
<Frame00004Target00001>
  <Type>"直行箭头绿灯"</Type>
  <Position>
    528 238 29 21</Position></Frame00004Target00001>
<Frame00004Target00002>
  <Type>"直行箭头绿灯"</Type>
  <Position>
    627 240 22 20</Position></Frame00004Target00002>
<Frame00004Target00003>
  <Type>"圆形绿灯"</Type>
  <Position>
    803 240 28 28</Position></Frame00004Target00003>
<Frame00005TargetNumber>4</Frame00005TargetNumber>
<Frame00005Target00000>
  <Type>"圆形绿灯"</Type>
  <Position>
    809 232 28 28</Position></Frame00005Target00000>
<Frame00005Target00001>
  <Type>"直行箭头绿灯"</Type>
  <Position>
    628 233 25 22</Position></Frame00005Target00001>
<Frame00005Target00002>
  <Type>"直行箭头绿灯"</Type>
  <Position>
    533 238 25 23</Position></Frame00005Target00002>
<Frame00005Target00003>
  <Type>"示28-公交线路专用车道"</Type>
  <Position>
    736 282 48 31</Position></Frame00005Target00003>
<Frame00006TargetNumber>4</Frame00006TargetNumber>
<Frame00006Target00000>
  <Type>"示28-公交线路专用车道"</Type>
  <Position>
    736 279 50 33</Position></Frame00006Target00000>
<Frame00006Target00001>
  <Type>"直行箭头绿灯"</Type>
  <Position>
    528 235 22 18</Position></Frame00006Target00001>
<Frame00006Target00002>
  <Type>"直行箭头绿灯"</Type>
  <Position>
    629 229 24 22</Position></Frame00006Target00002>
<Frame00006Target00003>
  <Type>"圆形绿灯"</Type>
  <Position>
    809 230 30 28</Position></Frame00006Target00003>
<Frame00007TargetNumber>4</Frame00007TargetNumber>
<Frame00007Target00000>
  <Type>"圆形绿灯"</Type>
  <Position>
    812 228 30 28</Position></Frame00007Target00000>
<Frame00007Target00001>
  <Type>"直行箭头绿灯"</Type>
  <Position>
    628 224 23 30</Position></Frame00007Target00001>
<Frame00007Target00002>
  <Type>"直行箭头绿灯"</Type>
  <Position>
    520 232 30 29</Position></Frame00007Target00002>
<Frame00007Target00003>
  <Type>"示28-公交线路专用车道"</Type>
  <Position>
    738 278 49 34</Position></Frame00007Target00003>
<Frame00008TargetNumber>4</Frame00008TargetNumber>
<Frame00008Target00000>
  <Type>"示28-公交线路专用车道"</Type>
  <Position>
    732 270 53 35</Position></Frame00008Target00000>
<Frame00008Target00001>
  <Type>"直行箭头绿灯"</Type>
  <Position>
    511 223 28 29</Position></Frame00008Target00001>
<Frame00008Target00002>
  <Type>"直行箭头绿灯"</Type>
  <Position>
    620 223 27 22</Position></Frame00008Target00002>
<Frame00008Target00003>
  <Type>"圆形绿灯"</Type>
  <Position>
    811 219 28 27</Position></Frame00008Target00003>
<Frame00009TargetNumber>4</Frame00009TargetNumber>
<Frame00009Target00000>
  <Type>"圆形绿灯"</Type>
  <Position>
    794 213 30 30</Position></Frame00009Target00000>
<Frame00009Target00001>
  <Type>"直行箭头绿灯"</Type>
  <Position>
    593 217 27 19</Position></Frame00009Target00001>
<Frame00009Target00002>
  <Type>"直行箭头绿灯"</Type>
  <Position>
    489 216 26 26</Position></Frame00009Target00002>
<Frame00009Target00003>
  <Type>"示28-公交线路专用车道"</Type>
  <Position>
    712 264 57 37</Position></Frame00009Target00003>
<Frame00010TargetNumber>4</Frame00010TargetNumber>
<Frame00010Target00000>
  <Type>"示28-公交线路专用车道"</Type>
  <Position>
    686 259 53 38</Position></Frame00010Target00000>
<Frame00010Target00001>
  <Type>"直行箭头绿灯"</Type>
  <Position>
    451 211 29 26</Position></Frame00010Target00001>
<Frame00010Target00002>
  <Type>"直行箭头绿灯"</Type>
  <Position>
    568 205 14 23</Position></Frame00010Target00002>
<Frame00010Target00003>
  <Type>"圆形绿灯"</Type>
  <Position>
    765 206 33 31</Position></Frame00010Target00003>
<Frame00011TargetNumber>4</Frame00011TargetNumber>
<Frame00011Target00000>
  <Type>"圆形绿灯"</Type>
  <Position>
    729 204 30 28</Position></Frame00011Target00000>
<Frame00011Target00001>
  <Type>"直行箭头绿灯"</Type>
  <Position>
    410 203 22 25</Position></Frame00011Target00001>
<Frame00011Target00002>
  <Type>"直行箭头绿灯"</Type>
  <Position>
    524 201 25 27</Position></Frame00011Target00002>
<Frame00011Target00003>
  <Type>"示28-公交线路专用车道"</Type>
  <Position>
    644 255 60 39</Position></Frame00011Target00003>
<Frame00012TargetNumber>3</Frame00012TargetNumber>
<Frame00012Target00000>
  <Type>"示28-公交线路专用车道"</Type>
  <Position>
    611 256 57 44</Position></Frame00012Target00000>
<Frame00012Target00001>
  <Type>"直行箭头绿灯"</Type>
  <Position>
    369 209 23 23</Position></Frame00012Target00001>
<Frame00012Target00002>
  <Type>"圆形绿灯"</Type>
  <Position>
    699 207 27 28</Position></Frame00012Target00002>
<Frame00013TargetNumber>3</Frame00013TargetNumber>
<Frame00013Target00000>
  <Type>"圆形绿灯"</Type>
  <Position>
    673 216 32 31</Position></Frame00013Target00000>
<Frame00013Target00001>
  <Type>"直行箭头绿灯"</Type>
  <Position>
    337 211 26 26</Position></Frame00013Target00001>
<Frame00013Target00002>
  <Type>"示28-公交线路专用车道"</Type>
  <Position>
    586 264 63 42</Position></Frame00013Target00002>
<Frame00014TargetNumber>3</Frame00014TargetNumber>
<Frame00014Target00000>
  <Type>"示28-公交线路专用车道"</Type>
  <Position>
    579 261 63 41</Position></Frame00014Target00000>
<Frame00014Target00001>
  <Type>"直行箭头绿灯"</Type>
  <Position>
    328 209 18 26</Position></Frame00014Target00001>
<Frame00014Target00002>
  <Type>"圆形绿灯"</Type>
  <Position>
    667 208 29 25</Position></Frame00014Target00002>
<Frame00015TargetNumber>3</Frame00015TargetNumber>
<Frame00015Target00000>
  <Type>"圆形绿灯"</Type>
  <Position>
    676 205 29 25</Position></Frame00015Target00000>
<Frame00015Target00001>
  <Type>"直行箭头绿灯"</Type>
  <Position>
    320 201 35 33</Position></Frame00015Target00001>
