<?xml version="1.0"?>
<opencv_storage>
<FrameNumber>20</FrameNumber>
<Frame00000TargetNumber>1</Frame00000TargetNumber>
<Frame00000Target00000>
  <Type>"警1-T型交叉下"</Type>
  <Position>
    1032 271 27 27</Position></Frame00000Target00000>
<Frame00001TargetNumber>1</Frame00001TargetNumber>
<Frame00001Target00000>
  <Type>"警1-T型交叉下"</Type>
  <Position>
    1036 279 29 27</Position></Frame00001Target00000>
<Frame00002TargetNumber>1</Frame00002TargetNumber>
<Frame00002Target00000>
  <Type>"警1-T型交叉下"</Type>
  <Position>
    1040 275 32 24</Position></Frame00002Target00000>
<Frame00003TargetNumber>1</Frame00003TargetNumber>
<Frame00003Target00000>
  <Type>"警1-T型交叉下"</Type>
  <Position>
    1046 276 29 27</Position></Frame00003Target00000>
<Frame00004TargetNumber>1</Frame00004TargetNumber>
<Frame00004Target00000>
  <Type>"警1-T型交叉下"</Type>
  <Position>
    1051 272 33 33</Position></Frame00004Target00000>
<Frame00005TargetNumber>1</Frame00005TargetNumber>
<Frame00005Target00000>
  <Type>"警1-T型交叉下"</Type>
  <Position>
    1053 268 36 31</Position></Frame00005Target00000>
<Frame00006TargetNumber>1</Frame00006TargetNumber>
<Frame00006Target00000>
  <Type>"警1-T型交叉下"</Type>
  <Position>
    1064 266 33 30</Position></Frame00006Target00000>
<Frame00007TargetNumber>1</Frame00007TargetNumber>
<Frame00007Target00000>
  <Type>"警1-T型交叉下"</Type>
  <Position>
    1068 276 35 31</Position></Frame00007Target00000>
<Frame00008TargetNumber>1</Frame00008TargetNumber>
<Frame00008Target00000>
  <Type>"警1-T型交叉下"</Type>
  <Position>
    1077 272 30 33</Position></Frame00008Target00000>
<Frame00009TargetNumber>1</Frame00009TargetNumber>
<Frame00009Target00000>
  <Type>"警1-T型交叉下"</Type>
  <Position>
    1083 270 34 32</Position></Frame00009Target00000>
<Frame00010TargetNumber>1</Frame00010TargetNumber>
<Frame00010Target00000>
  <Type>"警1-T型交叉下"</Type>
  <Position>
    1091 261 34 31</Position></Frame00010Target00000>
<Frame00011TargetNumber>1</Frame00011TargetNumber>
<Frame00011Target00000>
  <Type>"警1-T型交叉下"</Type>
  <Position>
    1096 255 36 32</Position></Frame00011Target00000>
<Frame00012TargetNumber>1</Frame00012TargetNumber>
<Frame00012Target00000>
  <Type>"警1-T型交叉下"</Type>
  <Position>
    1099 261 38 34</Position></Frame00012Target00000>
<Frame00013TargetNumber>1</Frame00013TargetNumber>
<Frame00013Target00000>
  <Type>"警1-T型交叉下"</Type>
  <Position>
    1109 263 37 33</Position></Frame00013Target00000>
<Frame00014TargetNumber>1</Frame00014TargetNumber>
<Frame00014Target00000>
  <Type>"警1-T型交叉下"</Type>
  <Position>
    1115 264 40 35</Position></Frame00014Target00000>
<Frame00015TargetNumber>1</Frame00015TargetNumber>
<Frame00015Target00000>
  <Type>"警1-T型交叉下"</Type>
  <Position>
    1127 268 41 36</Position></Frame00015Target00000>
<Frame00016TargetNumber>1</Frame00016TargetNumber>
<Frame00016Target00000>
  <Type>"警1-T型交叉下"</Type>
  <Position>
    1135 261 40 34</Position></Frame00016Target00000>
<Frame00017TargetNumber>1</Frame00017TargetNumber>
<Frame00017Target00000>
  <Type>"警1-T型交叉下"</Type>
  <Position>
    1145 254 40 37</Position></Frame00017Target00000>
<Frame00018TargetNumber>1</Frame00018TargetNumber>
<Frame00018Target00000>
  <Type>"警1-T型交叉下"</Type>
  <Position>
    1153 253 46 40</Position></Frame00018Target00000>
<Frame00019TargetNumber>1</Frame00019TargetNumber>
<Frame00019Target00000>
  <Type>"警1-T型交叉下"</Type>
  <Position>
    1159 251 47 38</Position></Frame00019Target00000>
</opencv_storage>
