<?xml version="1.0"?>
<opencv_storage>
<FrameNumber>13</FrameNumber>
<Frame00000TargetNumber>2</Frame00000TargetNumber>
<Frame00000Target00000>
  <Type>"示29-机动车行驶"</Type>
  <Position>
    940 286 34 34</Position></Frame00000Target00000>
<Frame00000Target00001>
  <Type>"示31-非机动车行驶"</Type>
  <Position>
    940 321 32 35</Position></Frame00000Target00001>
<Frame00001TargetNumber>2</Frame00001TargetNumber>
<Frame00001Target00000>
  <Type>"示29-机动车行驶"</Type>
  <Position>
    951 262 39 36</Position></Frame00001Target00000>
<Frame00001Target00001>
  <Type>"示31-非机动车行驶"</Type>
  <Position>
    953 302 34 36</Position></Frame00001Target00001>
<Frame00002TargetNumber>2</Frame00002TargetNumber>
<Frame00002Target00000>
  <Type>"示31-非机动车行驶"</Type>
  <Position>
    969 301 39 41</Position></Frame00002Target00000>
<Frame00002Target00001>
  <Type>"示29-机动车行驶"</Type>
  <Position>
    969 258 37 38</Position></Frame00002Target00001>
<Frame00003TargetNumber>2</Frame00003TargetNumber>
<Frame00003Target00000>
  <Type>"示29-机动车行驶"</Type>
  <Position>
    976 258 43 39</Position></Frame00003Target00000>
<Frame00003Target00001>
  <Type>"示31-非机动车行驶"</Type>
  <Position>
    979 304 41 42</Position></Frame00003Target00001>
<Frame00004TargetNumber>2</Frame00004TargetNumber>
<Frame00004Target00000>
  <Type>"示31-非机动车行驶"</Type>
  <Position>
    995 296 45 49</Position></Frame00004Target00000>
<Frame00004Target00001>
  <Type>"示29-机动车行驶"</Type>
  <Position>
    995 246 45 49</Position></Frame00004Target00001>
<Frame00005TargetNumber>2</Frame00005TargetNumber>
<Frame00005Target00000>
  <Type>"示29-机动车行驶"</Type>
  <Position>
    1002 242 46 45</Position></Frame00005Target00000>
<Frame00005Target00001>
  <Type>"示31-非机动车行驶"</Type>
  <Position>
    999 294 48 45</Position></Frame00005Target00001>
<Frame00006TargetNumber>2</Frame00006TargetNumber>
<Frame00006Target00000>
  <Type>"示31-非机动车行驶"</Type>
  <Position>
    1013 287 51 48</Position></Frame00006Target00000>
<Frame00006Target00001>
  <Type>"示29-机动车行驶"</Type>
  <Position>
    1017 230 49 50</Position></Frame00006Target00001>
<Frame00007TargetNumber>2</Frame00007TargetNumber>
<Frame00007Target00000>
  <Type>"示29-机动车行驶"</Type>
  <Position>
    1031 219 54 53</Position></Frame00007Target00000>
<Frame00007Target00001>
  <Type>"示31-非机动车行驶"</Type>
  <Position>
    1030 276 54 55</Position></Frame00007Target00001>
<Frame00008TargetNumber>2</Frame00008TargetNumber>
<Frame00008Target00000>
  <Type>"示31-非机动车行驶"</Type>
  <Position>
    1047 268 56 54</Position></Frame00008Target00000>
<Frame00008Target00001>
  <Type>"示29-机动车行驶"</Type>
  <Position>
    1049 202 58 56</Position></Frame00008Target00001>
<Frame00009TargetNumber>2</Frame00009TargetNumber>
<Frame00009Target00000>
  <Type>"示29-机动车行驶"</Type>
  <Position>
    1070 190 59 59</Position></Frame00009Target00000>
<Frame00009Target00001>
  <Type>"示31-非机动车行驶"</Type>
  <Position>
    1070 255 59 63</Position></Frame00009Target00001>
<Frame00010TargetNumber>2</Frame00010TargetNumber>
<Frame00010Target00000>
  <Type>"示31-非机动车行驶"</Type>
  <Position>
    1094 250 65 66</Position></Frame00010Target00000>
<Frame00010Target00001>
  <Type>"示29-机动车行驶"</Type>
  <Position>
    1095 173 66 68</Position></Frame00010Target00001>
<Frame00011TargetNumber>2</Frame00011TargetNumber>
<Frame00011Target00000>
  <Type>"示29-机动车行驶"</Type>
  <Position>
    1122 155 74 76</Position></Frame00011Target00000>
<Frame00011Target00001>
  <Type>"示31-非机动车行驶"</Type>
  <Position>
    1120 240 71 73</Position></Frame00011Target00001>
<Frame00012TargetNumber>2</Frame00012TargetNumber>
<Frame00012Target00000>
  <Type>"示31-非机动车行驶"</Type>
  <Position>
    1157 225 79 79</Position></Frame00012Target00000>
<Frame00012Target00001>
  <Type>"示29-机动车行驶"</Type>
  <Position>
    1162 135 77 75</Position></Frame00012Target00001>
</opencv_storage>
