<?xml version="1.0"?>
<opencv_storage>
<FrameNumber>151</FrameNumber>
<Frame00000TargetNumber>0</Frame00000TargetNumber>
<Frame00001TargetNumber>0</Frame00001TargetNumber>
<Frame00002TargetNumber>0</Frame00002TargetNumber>
<Frame00003TargetNumber>2</Frame00003TargetNumber>
<Frame00003Target00000>
  <Type>"圆形黄灯"</Type>
  <Position>
    885 311 10 7</Position></Frame00003Target00000>
<Frame00003Target00001>
  <Type>"禁38-限制速度"</Type>
  <Position>
    875 331 10 11</Position></Frame00003Target00001>
<Frame00004TargetNumber>2</Frame00004TargetNumber>
<Frame00004Target00000>
  <Type>"禁38-限制速度"</Type>
  <Position>
    876 330 9 10</Position></Frame00004Target00000>
<Frame00004Target00001>
  <Type>"圆形黄灯"</Type>
  <Position>
    886 309 9 8</Position></Frame00004Target00001>
<Frame00005TargetNumber>2</Frame00005TargetNumber>
<Frame00005Target00000>
  <Type>"圆形黄灯"</Type>
  <Position>
    886 308 10 7</Position></Frame00005Target00000>
<Frame00005Target00001>
  <Type>"禁38-限制速度"</Type>
  <Position>
    877 329 9 10</Position></Frame00005Target00001>
<Frame00006TargetNumber>2</Frame00006TargetNumber>
<Frame00006Target00000>
  <Type>"禁38-限制速度"</Type>
  <Position>
    876 323 9 11</Position></Frame00006Target00000>
<Frame00006Target00001>
  <Type>"圆形黄灯"</Type>
  <Position>
    886 303 9 8</Position></Frame00006Target00001>
<Frame00007TargetNumber>2</Frame00007TargetNumber>
<Frame00007Target00000>
  <Type>"圆形黄灯"</Type>
  <Position>
    886 302 9 11</Position></Frame00007Target00000>
<Frame00007Target00001>
  <Type>"禁38-限制速度"</Type>
  <Position>
    876 325 9 10</Position></Frame00007Target00001>
<Frame00008TargetNumber>2</Frame00008TargetNumber>
<Frame00008Target00000>
  <Type>"禁38-限制速度"</Type>
  <Position>
    875 324 12 10</Position></Frame00008Target00000>
<Frame00008Target00001>
  <Type>"圆形黄灯"</Type>
  <Position>
    887 301 8 10</Position></Frame00008Target00001>
<Frame00009TargetNumber>2</Frame00009TargetNumber>
<Frame00009Target00000>
  <Type>"圆形黄灯"</Type>
  <Position>
    886 302 10 9</Position></Frame00009Target00000>
<Frame00009Target00001>
  <Type>"禁38-限制速度"</Type>
  <Position>
    876 324 11 11</Position></Frame00009Target00001>
<Frame00010TargetNumber>3</Frame00010TargetNumber>
<Frame00010Target00000>
  <Type>"圆形黄灯"</Type>
  <Position>
    628 298 12 12</Position></Frame00010Target00000>
<Frame00010Target00001>
  <Type>"圆形黄灯"</Type>
  <Position>
    886 304 11 8</Position></Frame00010Target00001>
<Frame00010Target00002>
  <Type>"禁38-限制速度"</Type>
  <Position>
    876 325 10 11</Position></Frame00010Target00002>
<Frame00011TargetNumber>3</Frame00011TargetNumber>
<Frame00011Target00000>
  <Type>"禁38-限制速度"</Type>
  <Position>
    876 325 10 11</Position></Frame00011Target00000>
<Frame00011Target00001>
  <Type>"圆形黄灯"</Type>
  <Position>
    888 302 8 10</Position></Frame00011Target00001>
<Frame00011Target00002>
  <Type>"圆形黄灯"</Type>
  <Position>
    628 296 10 10</Position></Frame00011Target00002>
<Frame00012TargetNumber>3</Frame00012TargetNumber>
<Frame00012Target00000>
  <Type>"圆形黄灯"</Type>
  <Position>
    625 299 12 13</Position></Frame00012Target00000>
<Frame00012Target00001>
  <Type>"圆形黄灯"</Type>
  <Position>
    885 305 13 11</Position></Frame00012Target00001>
<Frame00012Target00002>
  <Type>"禁38-限制速度"</Type>
  <Position>
    876 329 11 11</Position></Frame00012Target00002>
<Frame00013TargetNumber>3</Frame00013TargetNumber>
<Frame00013Target00000>
  <Type>"禁38-限制速度"</Type>
  <Position>
    875 329 12 12</Position></Frame00013Target00000>
<Frame00013Target00001>
  <Type>"圆形黄灯"</Type>
  <Position>
    887 306 10 11</Position></Frame00013Target00001>
<Frame00013Target00002>
  <Type>"圆形黄灯"</Type>
  <Position>
    624 300 13 11</Position></Frame00013Target00002>
<Frame00014TargetNumber>3</Frame00014TargetNumber>
<Frame00014Target00000>
  <Type>"圆形黄灯"</Type>
  <Position>
    624 305 11 9</Position></Frame00014Target00000>
<Frame00014Target00001>
  <Type>"圆形黄灯"</Type>
  <Position>
    888 309 8 10</Position></Frame00014Target00001>
<Frame00014Target00002>
  <Type>"禁38-限制速度"</Type>
  <Position>
    876 332 10 12</Position></Frame00014Target00002>
<Frame00015TargetNumber>3</Frame00015TargetNumber>
<Frame00015Target00000>
  <Type>"禁38-限制速度"</Type>
  <Position>
    877 326 9 11</Position></Frame00015Target00000>
<Frame00015Target00001>
  <Type>"圆形黄灯"</Type>
  <Position>
    889 304 8 8</Position></Frame00015Target00001>
<Frame00015Target00002>
  <Type>"圆形黄灯"</Type>
  <Position>
    622 298 9 9</Position></Frame00015Target00002>
<Frame00016TargetNumber>3</Frame00016TargetNumber>
<Frame00016Target00000>
  <Type>"圆形黄灯"</Type>
  <Position>
    623 290 8 12</Position></Frame00016Target00000>
<Frame00016Target00001>
  <Type>"圆形黄灯"</Type>
  <Position>
    889 297 11 9</Position></Frame00016Target00001>
<Frame00016Target00002>
  <Type>"禁38-限制速度"</Type>
  <Position>
    878 318 11 14</Position></Frame00016Target00002>
<Frame00017TargetNumber>3</Frame00017TargetNumber>
<Frame00017Target00000>
  <Type>"禁38-限制速度"</Type>
  <Position>
    877 314 12 12</Position></Frame00017Target00000>
<Frame00017Target00001>
  <Type>"圆形黄灯"</Type>
  <Position>
    890 291 11 11</Position></Frame00017Target00001>
<Frame00017Target00002>
  <Type>"圆形黄灯"</Type>
  <Position>
    621 284 11 11</Position></Frame00017Target00002>
<Frame00018TargetNumber>3</Frame00018TargetNumber>
<Frame00018Target00000>
  <Type>"圆形黄灯"</Type>
  <Position>
    621 288 8 10</Position></Frame00018Target00000>
<Frame00018Target00001>
  <Type>"圆形黄灯"</Type>
  <Position>
    890 292 11 12</Position></Frame00018Target00001>
<Frame00018Target00002>
  <Type>"禁38-限制速度"</Type>
  <Position>
    877 316 11 12</Position></Frame00018Target00002>
<Frame00019TargetNumber>3</Frame00019TargetNumber>
<Frame00019Target00000>
  <Type>"禁38-限制速度"</Type>
  <Position>
    878 324 11 11</Position></Frame00019Target00000>
<Frame00019Target00001>
  <Type>"圆形黄灯"</Type>
  <Position>
    889 301 9 10</Position></Frame00019Target00001>
<Frame00019Target00002>
  <Type>"圆形黄灯"</Type>
  <Position>
    619 295 10 12</Position></Frame00019Target00002>
<Frame00020TargetNumber>2</Frame00020TargetNumber>
<Frame00020Target00000>
  <Type>"圆形黄灯"</Type>
  <Position>
    890 306 11 10</Position></Frame00020Target00000>
<Frame00020Target00001>
  <Type>"禁38-限制速度"</Type>
  <Position>
    878 330 11 11</Position></Frame00020Target00001>
<Frame00021TargetNumber>2</Frame00021TargetNumber>
<Frame00021Target00000>
  <Type>"禁38-限制速度"</Type>
  <Position>
    879 329 11 12</Position></Frame00021Target00000>
<Frame00021Target00001>
  <Type>"圆形黄灯"</Type>
  <Position>
    892 306 8 10</Position></Frame00021Target00001>
<Frame00022TargetNumber>3</Frame00022TargetNumber>
<Frame00022Target00000>
  <Type>"圆形黄灯"</Type>
  <Position>
    891 304 10 9</Position></Frame00022Target00000>
<Frame00022Target00001>
  <Type>"禁38-限制速度"</Type>
  <Position>
    880 328 11 10</Position></Frame00022Target00001>
<Frame00022Target00002>
  <Type>"圆形黄灯"</Type>
  <Position>
    616 300 9 9</Position></Frame00022Target00002>
<Frame00023TargetNumber>2</Frame00023TargetNumber>
<Frame00023Target00000>
  <Type>"圆形黄灯"</Type>
  <Position>
    616 296 9 11</Position></Frame00023Target00000>
<Frame00023Target00001>
  <Type>"圆形黄灯"</Type>
  <Position>
    893 302 9 9</Position></Frame00023Target00001>
<Frame00024TargetNumber>2</Frame00024TargetNumber>
<Frame00024Target00000>
  <Type>"圆形黄灯"</Type>
  <Position>
    893 301 9 10</Position></Frame00024Target00000>
<Frame00024Target00001>
  <Type>"圆形黄灯"</Type>
  <Position>
    616 296 9 10</Position></Frame00024Target00001>
<Frame00025TargetNumber>2</Frame00025TargetNumber>
<Frame00025Target00000>
  <Type>"圆形黄灯"</Type>
  <Position>
    894 300 10 12</Position></Frame00025Target00000>
