<?xml version="1.0"?>
<opencv_storage>
<FrameNumber>12</FrameNumber>
<Frame00000TargetNumber>1</Frame00000TargetNumber>
<Frame00000Target00000>
  <Type>"禁4-禁止通行"</Type>
  <Position>
    274 210 22 25</Position></Frame00000Target00000>
<Frame00001TargetNumber>1</Frame00001TargetNumber>
<Frame00001Target00000>
  <Type>"禁4-禁止通行"</Type>
  <Position>
    266 208 22 26</Position></Frame00001Target00000>
<Frame00002TargetNumber>1</Frame00002TargetNumber>
<Frame00002Target00000>
  <Type>"禁4-禁止通行"</Type>
  <Position>
    258 206 21 26</Position></Frame00002Target00000>
<Frame00003TargetNumber>1</Frame00003TargetNumber>
<Frame00003Target00000>
  <Type>"禁4-禁止通行"</Type>
  <Position>
    247 204 23 28</Position></Frame00003Target00000>
<Frame00004TargetNumber>1</Frame00004TargetNumber>
<Frame00004Target00000>
  <Type>"禁4-禁止通行"</Type>
  <Position>
    233 203 25 27</Position></Frame00004Target00000>
<Frame00005TargetNumber>1</Frame00005TargetNumber>
<Frame00005Target00000>
  <Type>"禁4-禁止通行"</Type>
  <Position>
    218 201 26 26</Position></Frame00005Target00000>
<Frame00006TargetNumber>1</Frame00006TargetNumber>
<Frame00006Target00000>
  <Type>"禁4-禁止通行"</Type>
  <Position>
    202 199 24 29</Position></Frame00006Target00000>
<Frame00007TargetNumber>1</Frame00007TargetNumber>
<Frame00007Target00000>
  <Type>"禁4-禁止通行"</Type>
  <Position>
    183 199 23 30</Position></Frame00007Target00000>
<Frame00008TargetNumber>1</Frame00008TargetNumber>
<Frame00008Target00000>
  <Type>"禁4-禁止通行"</Type>
  <Position>
    162 200 24 28</Position></Frame00008Target00000>
<Frame00009TargetNumber>1</Frame00009TargetNumber>
<Frame00009Target00000>
  <Type>"禁4-禁止通行"</Type>
  <Position>
    136 199 25 30</Position></Frame00009Target00000>
<Frame00010TargetNumber>1</Frame00010TargetNumber>
<Frame00010Target00000>
  <Type>"禁4-禁止通行"</Type>
  <Position>
    110 199 26 29</Position></Frame00010Target00000>
<Frame00011TargetNumber>1</Frame00011TargetNumber>
<Frame00011Target00000>
  <Type>"禁4-禁止通行"</Type>
  <Position>
    81 197 27 31</Position></Frame00011Target00000>
</opencv_storage>
