<?xml version="1.0"?>
<opencv_storage>
<FrameNumber>15</FrameNumber>
<Frame00000TargetNumber>1</Frame00000TargetNumber>
<Frame00000Target00000>
  <Type>"示7-靠右侧道路行驶"</Type>
  <Position>
    494 374 33 33</Position></Frame00000Target00000>
<Frame00001TargetNumber>1</Frame00001TargetNumber>
<Frame00001Target00000>
  <Type>"示7-靠右侧道路行驶"</Type>
  <Position>
    487 367 32 34</Position></Frame00001Target00000>
<Frame00002TargetNumber>1</Frame00002TargetNumber>
<Frame00002Target00000>
  <Type>"示7-靠右侧道路行驶"</Type>
  <Position>
    477 364 36 36</Position></Frame00002Target00000>
<Frame00003TargetNumber>1</Frame00003TargetNumber>
<Frame00003Target00000>
  <Type>"示7-靠右侧道路行驶"</Type>
  <Position>
    468 359 37 38</Position></Frame00003Target00000>
<Frame00004TargetNumber>1</Frame00004TargetNumber>
<Frame00004Target00000>
  <Type>"示7-靠右侧道路行驶"</Type>
  <Position>
    457 358 41 39</Position></Frame00004Target00000>
<Frame00005TargetNumber>1</Frame00005TargetNumber>
<Frame00005Target00000>
  <Type>"示7-靠右侧道路行驶"</Type>
  <Position>
    455 356 39 40</Position></Frame00005Target00000>
<Frame00006TargetNumber>1</Frame00006TargetNumber>
<Frame00006Target00000>
  <Type>"示7-靠右侧道路行驶"</Type>
  <Position>
    447 355 44 46</Position></Frame00006Target00000>
<Frame00007TargetNumber>1</Frame00007TargetNumber>
<Frame00007Target00000>
  <Type>"示7-靠右侧道路行驶"</Type>
  <Position>
    442 351 46 49</Position></Frame00007Target00000>
<Frame00008TargetNumber>1</Frame00008TargetNumber>
<Frame00008Target00000>
  <Type>"示7-靠右侧道路行驶"</Type>
  <Position>
    437 348 46 51</Position></Frame00008Target00000>
<Frame00009TargetNumber>1</Frame00009TargetNumber>
<Frame00009Target00000>
  <Type>"示7-靠右侧道路行驶"</Type>
  <Position>
    429 342 51 56</Position></Frame00009Target00000>
<Frame00010TargetNumber>1</Frame00010TargetNumber>
<Frame00010Target00000>
  <Type>"示7-靠右侧道路行驶"</Type>
  <Position>
    416 335 55 58</Position></Frame00010Target00000>
<Frame00011TargetNumber>1</Frame00011TargetNumber>
<Frame00011Target00000>
  <Type>"示7-靠右侧道路行驶"</Type>
  <Position>
    406 324 57 63</Position></Frame00011Target00000>
<Frame00012TargetNumber>1</Frame00012TargetNumber>
<Frame00012Target00000>
  <Type>"示7-靠右侧道路行驶"</Type>
  <Position>
    395 321 60 65</Position></Frame00012Target00000>
<Frame00013TargetNumber>1</Frame00013TargetNumber>
<Frame00013Target00000>
  <Type>"示7-靠右侧道路行驶"</Type>
  <Position>
    384 321 64 67</Position></Frame00013Target00000>
<Frame00014TargetNumber>1</Frame00014TargetNumber>
<Frame00014Target00000>
  <Type>"示7-靠右侧道路行驶"</Type>
  <Position>
    130 264 104 112</Position></Frame00014Target00000>
</opencv_storage>
