<?xml version="1.0"?>
<opencv_storage>
<FrameNumber>12</FrameNumber>
<Frame00000TargetNumber>1</Frame00000TargetNumber>
<Frame00000Target00000>
  <Type>"示11-环岛行驶"</Type>
  <Position>
    655 371 27 26</Position></Frame00000Target00000>
<Frame00001TargetNumber>1</Frame00001TargetNumber>
<Frame00001Target00000>
  <Type>"示11-环岛行驶"</Type>
  <Position>
    633 356 35 33</Position></Frame00001Target00000>
<Frame00002TargetNumber>1</Frame00002TargetNumber>
<Frame00002Target00000>
  <Type>"示11-环岛行驶"</Type>
  <Position>
    613 353 30 28</Position></Frame00002Target00000>
<Frame00003TargetNumber>1</Frame00003TargetNumber>
<Frame00003Target00000>
  <Type>"示11-环岛行驶"</Type>
  <Position>
    588 368 30 26</Position></Frame00003Target00000>
<Frame00004TargetNumber>1</Frame00004TargetNumber>
<Frame00004Target00000>
  <Type>"示11-环岛行驶"</Type>
  <Position>
    562 391 31 32</Position></Frame00004Target00000>
<Frame00005TargetNumber>1</Frame00005TargetNumber>
<Frame00005Target00000>
  <Type>"示11-环岛行驶"</Type>
  <Position>
    528 384 33 36</Position></Frame00005Target00000>
<Frame00006TargetNumber>1</Frame00006TargetNumber>
<Frame00006Target00000>
  <Type>"示11-环岛行驶"</Type>
  <Position>
    491 375 30 34</Position></Frame00006Target00000>
<Frame00007TargetNumber>1</Frame00007TargetNumber>
<Frame00007Target00000>
  <Type>"示11-环岛行驶"</Type>
  <Position>
    437 373 36 35</Position></Frame00007Target00000>
<Frame00008TargetNumber>1</Frame00008TargetNumber>
<Frame00008Target00000>
  <Type>"示11-环岛行驶"</Type>
  <Position>
    377 367 35 35</Position></Frame00008Target00000>
<Frame00009TargetNumber>1</Frame00009TargetNumber>
<Frame00009Target00000>
  <Type>"示11-环岛行驶"</Type>
  <Position>
    298 349 41 40</Position></Frame00009Target00000>
<Frame00010TargetNumber>1</Frame00010TargetNumber>
<Frame00010Target00000>
  <Type>"示11-环岛行驶"</Type>
  <Position>
    213 352 42 43</Position></Frame00010Target00000>
<Frame00011TargetNumber>1</Frame00011TargetNumber>
<Frame00011Target00000>
  <Type>"示11-环岛行驶"</Type>
  <Position>
    118 363 42 42</Position></Frame00011Target00000>
</opencv_storage>
