<?xml version="1.0"?>
<opencv_storage>
<FrameNumber>14</FrameNumber>
<Frame00000TargetNumber>2</Frame00000TargetNumber>
<Frame00000Target00000>
  <Type>"警23-驼峰桥"</Type>
  <Position>
    903 285 43 36</Position></Frame00000Target00000>
<Frame00000Target00001>
  <Type>"警2(a)-向左急弯路"</Type>
  <Position>
    902 322 43 37</Position></Frame00000Target00001>
<Frame00001TargetNumber>2</Frame00001TargetNumber>
<Frame00001Target00000>
  <Type>"警2(a)-向左急弯路"</Type>
  <Position>
    909 317 42 37</Position></Frame00001Target00000>
<Frame00001Target00001>
  <Type>"警23-驼峰桥"</Type>
  <Position>
    910 279 43 36</Position></Frame00001Target00001>
<Frame00002TargetNumber>2</Frame00002TargetNumber>
<Frame00002Target00000>
  <Type>"警23-驼峰桥"</Type>
  <Position>
    917 269 45 40</Position></Frame00002Target00000>
<Frame00002Target00001>
  <Type>"警2(a)-向左急弯路"</Type>
  <Position>
    916 310 47 42</Position></Frame00002Target00001>
<Frame00003TargetNumber>2</Frame00003TargetNumber>
<Frame00003Target00000>
  <Type>"警2(a)-向左急弯路"</Type>
  <Position>
    924 310 47 41</Position></Frame00003Target00000>
<Frame00003Target00001>
  <Type>"警23-驼峰桥"</Type>
  <Position>
    923 265 51 42</Position></Frame00003Target00001>
<Frame00004TargetNumber>2</Frame00004TargetNumber>
<Frame00004Target00000>
  <Type>"警23-驼峰桥"</Type>
  <Position>
    931 263 55 43</Position></Frame00004Target00000>
<Frame00004Target00001>
  <Type>"警2(a)-向左急弯路"</Type>
  <Position>
    932 307 51 44</Position></Frame00004Target00001>
<Frame00005TargetNumber>2</Frame00005TargetNumber>
<Frame00005Target00000>
  <Type>"警2(a)-向左急弯路"</Type>
  <Position>
    942 305 58 45</Position></Frame00005Target00000>
<Frame00005Target00001>
  <Type>"警23-驼峰桥"</Type>
  <Position>
    945 253 53 50</Position></Frame00005Target00001>
<Frame00006TargetNumber>2</Frame00006TargetNumber>
<Frame00006Target00000>
  <Type>"警23-驼峰桥"</Type>
  <Position>
    954 244 63 51</Position></Frame00006Target00000>
<Frame00006Target00001>
  <Type>"警2(a)-向左急弯路"</Type>
  <Position>
    957 296 59 53</Position></Frame00006Target00001>
<Frame00007TargetNumber>2</Frame00007TargetNumber>
<Frame00007Target00000>
  <Type>"警2(a)-向左急弯路"</Type>
  <Position>
    970 292 63 51</Position></Frame00007Target00000>
<Frame00007Target00001>
  <Type>"警23-驼峰桥"</Type>
  <Position>
    972 234 61 54</Position></Frame00007Target00001>
<Frame00008TargetNumber>2</Frame00008TargetNumber>
<Frame00008Target00000>
  <Type>"警23-驼峰桥"</Type>
  <Position>
    984 218 72 61</Position></Frame00008Target00000>
<Frame00008Target00001>
  <Type>"警2(a)-向左急弯路"</Type>
  <Position>
    985 280 69 61</Position></Frame00008Target00001>
<Frame00009TargetNumber>2</Frame00009TargetNumber>
<Frame00009Target00000>
  <Type>"警2(a)-向左急弯路"</Type>
  <Position>
    1002 274 73 62</Position></Frame00009Target00000>
<Frame00009Target00001>
  <Type>"警23-驼峰桥"</Type>
  <Position>
    1002 210 76 63</Position></Frame00009Target00001>
<Frame00010TargetNumber>2</Frame00010TargetNumber>
<Frame00010Target00000>
  <Type>"警23-驼峰桥"</Type>
  <Position>
    1022 197 81 71</Position></Frame00010Target00000>
<Frame00010Target00001>
  <Type>"警2(a)-向左急弯路"</Type>
  <Position>
    1019 266 81 70</Position></Frame00010Target00001>
<Frame00011TargetNumber>2</Frame00011TargetNumber>
<Frame00011Target00000>
  <Type>"警2(a)-向左急弯路"</Type>
  <Position>
    1042 262 90 76</Position></Frame00011Target00000>
<Frame00011Target00001>
  <Type>"警23-驼峰桥"</Type>
  <Position>
    1044 180 90 77</Position></Frame00011Target00001>
<Frame00012TargetNumber>2</Frame00012TargetNumber>
<Frame00012Target00000>
  <Type>"警23-驼峰桥"</Type>
  <Position>
    1073 152 100 90</Position></Frame00012Target00000>
<Frame00012Target00001>
  <Type>"警2(a)-向左急弯路"</Type>
  <Position>
    1070 243 105 86</Position></Frame00012Target00001>
<Frame00013TargetNumber>2</Frame00013TargetNumber>
<Frame00013Target00000>
  <Type>"警2(a)-向左急弯路"</Type>
  <Position>
    1106 218 115 100</Position></Frame00013Target00000>
<Frame00013Target00001>
  <Type>"警23-驼峰桥"</Type>
  <Position>
    1110 120 112 99</Position></Frame00013Target00001>
</opencv_storage>
