<?xml version="1.0" encoding="UTF-8"?>
<opencv_storage>
<FrameNumber>11</FrameNumber>
<Frame00000TargetNumber>1</Frame00000TargetNumber>
<Frame00000Target00000>
  <Type>"警38-施工"</Type>
  <Position>
    991 372 23 21</Position></Frame00000Target00000>
<Frame00001TargetNumber>1</Frame00001TargetNumber>
<Frame00001Target00000>
  <Type>"警38-施工"</Type>
  <Position>
    992 364 24 21</Position></Frame00001Target00000>
<Frame00002TargetNumber>1</Frame00002TargetNumber>
<Frame00002Target00000>
  <Type>"警38-施工"</Type>
  <Position>
    996 361 26 22</Position></Frame00002Target00000>
<Frame00003TargetNumber>1</Frame00003TargetNumber>
<Frame00003Target00000>
  <Type>"警38-施工"</Type>
  <Position>
    1002 355 25 22</Position></Frame00003Target00000>
<Frame00004TargetNumber>1</Frame00004TargetNumber>
<Frame00004Target00000>
  <Type>"警38-施工"</Type>
  <Position>
    1009 352 28 24</Position></Frame00004Target00000>
<Frame00005TargetNumber>1</Frame00005TargetNumber>
<Frame00005Target00000>
  <Type>"警38-施工"</Type>
  <Position>
    1015 347 31 25</Position></Frame00005Target00000>
<Frame00006TargetNumber>1</Frame00006TargetNumber>
<Frame00006Target00000>
  <Type>"警38-施工"</Type>
  <Position>
    1026 344 33 26</Position></Frame00006Target00000>
<Frame00007TargetNumber>1</Frame00007TargetNumber>
<Frame00007Target00000>
  <Type>"警38-施工"</Type>
  <Position>
    1038 331 35 30</Position></Frame00007Target00000>
<Frame00008TargetNumber>1</Frame00008TargetNumber>
<Frame00008Target00000>
  <Type>"警38-施工"</Type>
  <Position>
    1051 328 35 31</Position></Frame00008Target00000>
<Frame00009TargetNumber>1</Frame00009TargetNumber>
<Frame00009Target00000>
  <Type>"警38-施工"</Type>
  <Position>
    1065 316 37 31</Position></Frame00009Target00000>
<Frame00010TargetNumber>1</Frame00010TargetNumber>
<Frame00010Target00000>
  <Type>"警38-施工"</Type>
  <Position>
    1081 309 38 36</Position></Frame00010Target00000>
</opencv_storage>
