<?xml version="1.0"?>
<opencv_storage>
<FrameNumber>15</FrameNumber>
<Frame00000TargetNumber>1</Frame00000TargetNumber>
<Frame00000Target00000>
  <Type>"示31-非机动车行驶"</Type>
  <Position>
    141 282 35 76</Position></Frame00000Target00000>
<Frame00001TargetNumber>1</Frame00001TargetNumber>
<Frame00001Target00000>
  <Type>"示31-非机动车行驶"</Type>
  <Position>
    204 277 31 76</Position></Frame00001Target00000>
<Frame00002TargetNumber>1</Frame00002TargetNumber>
<Frame00002Target00000>
  <Type>"示31-非机动车行驶"</Type>
  <Position>
    269 271 34 74</Position></Frame00002Target00000>
<Frame00003TargetNumber>1</Frame00003TargetNumber>
<Frame00003Target00000>
  <Type>"示31-非机动车行驶"</Type>
  <Position>
    336 265 32 72</Position></Frame00003Target00000>
<Frame00004TargetNumber>1</Frame00004TargetNumber>
<Frame00004Target00000>
  <Type>"示31-非机动车行驶"</Type>
  <Position>
    402 258 34 79</Position></Frame00004Target00000>
<Frame00005TargetNumber>1</Frame00005TargetNumber>
<Frame00005Target00000>
  <Type>"示31-非机动车行驶"</Type>
  <Position>
    468 255 36 77</Position></Frame00005Target00000>
<Frame00006TargetNumber>1</Frame00006TargetNumber>
<Frame00006Target00000>
  <Type>"示31-非机动车行驶"</Type>
  <Position>
    536 250 36 80</Position></Frame00006Target00000>
<Frame00007TargetNumber>1</Frame00007TargetNumber>
<Frame00007Target00000>
  <Type>"示31-非机动车行驶"</Type>
  <Position>
    612 246 32 78</Position></Frame00007Target00000>
<Frame00008TargetNumber>1</Frame00008TargetNumber>
<Frame00008Target00000>
  <Type>"示31-非机动车行驶"</Type>
  <Position>
    682 239 33 78</Position></Frame00008Target00000>
<Frame00009TargetNumber>1</Frame00009TargetNumber>
<Frame00009Target00000>
  <Type>"示31-非机动车行驶"</Type>
  <Position>
    757 229 31 86</Position></Frame00009Target00000>
<Frame00010TargetNumber>1</Frame00010TargetNumber>
<Frame00010Target00000>
  <Type>"示31-非机动车行驶"</Type>
  <Position>
    835 221 31 87</Position></Frame00010Target00000>
<Frame00011TargetNumber>1</Frame00011TargetNumber>
<Frame00011Target00000>
  <Type>"示31-非机动车行驶"</Type>
  <Position>
    913 216 35 85</Position></Frame00011Target00000>
<Frame00012TargetNumber>1</Frame00012TargetNumber>
<Frame00012Target00000>
  <Type>"示31-非机动车行驶"</Type>
  <Position>
    997 208 38 88</Position></Frame00012Target00000>
<Frame00013TargetNumber>1</Frame00013TargetNumber>
<Frame00013Target00000>
  <Type>"示31-非机动车行驶"</Type>
  <Position>
    1087 196 38 91</Position></Frame00013Target00000>
<Frame00014TargetNumber>1</Frame00014TargetNumber>
<Frame00014Target00000>
  <Type>"示31-非机动车行驶"</Type>
  <Position>
    1184 180 37 101</Position></Frame00014Target00000>
</opencv_storage>
