<?xml version="1.0"?>
<opencv_storage>
<FrameNumber>17</FrameNumber>
<Frame00000TargetNumber>3</Frame00000TargetNumber>
<Frame00000Target00000>
  <Type>"左转箭头绿灯"</Type>
  <Position>
    587 221 18 17</Position></Frame00000Target00000>
<Frame00000Target00001>
  <Type>"直行箭头绿灯"</Type>
  <Position>
    677 219 17 21</Position></Frame00000Target00001>
<Frame00000Target00002>
  <Type>"直行箭头绿灯"</Type>
  <Position>
    771 220 18 21</Position></Frame00000Target00002>
<Frame00001TargetNumber>3</Frame00001TargetNumber>
<Frame00001Target00000>
  <Type>"直行箭头绿灯"</Type>
  <Position>
    772 222 16 19</Position></Frame00001Target00000>
<Frame00001Target00001>
  <Type>"直行箭头绿灯"</Type>
  <Position>
    681 221 15 17</Position></Frame00001Target00001>
<Frame00001Target00002>
  <Type>"左转箭头绿灯"</Type>
  <Position>
    587 218 17 24</Position></Frame00001Target00002>
<Frame00002TargetNumber>3</Frame00002TargetNumber>
<Frame00002Target00000>
  <Type>"左转箭头绿灯"</Type>
  <Position>
    586 218 18 18</Position></Frame00002Target00000>
<Frame00002Target00001>
  <Type>"直行箭头绿灯"</Type>
  <Position>
    681 219 18 17</Position></Frame00002Target00001>
<Frame00002Target00002>
  <Type>"直行箭头绿灯"</Type>
  <Position>
    775 218 15 22</Position></Frame00002Target00002>
<Frame00003TargetNumber>3</Frame00003TargetNumber>
<Frame00003Target00000>
  <Type>"直行箭头绿灯"</Type>
  <Position>
    775 215 19 23</Position></Frame00003Target00000>
<Frame00003Target00001>
  <Type>"直行箭头绿灯"</Type>
  <Position>
    680 217 21 18</Position></Frame00003Target00001>
<Frame00003Target00002>
  <Type>"左转箭头绿灯"</Type>
  <Position>
    590 219 15 17</Position></Frame00003Target00002>
<Frame00004TargetNumber>3</Frame00004TargetNumber>
<Frame00004Target00000>
  <Type>"左转箭头绿灯"</Type>
  <Position>
    589 215 15 20</Position></Frame00004Target00000>
<Frame00004Target00001>
  <Type>"直行箭头绿灯"</Type>
  <Position>
    680 213 19 23</Position></Frame00004Target00001>
<Frame00004Target00002>
  <Type>"直行箭头绿灯"</Type>
  <Position>
    777 216 22 22</Position></Frame00004Target00002>
<Frame00005TargetNumber>3</Frame00005TargetNumber>
<Frame00005Target00000>
  <Type>"直行箭头绿灯"</Type>
  <Position>
    779 214 22 19</Position></Frame00005Target00000>
<Frame00005Target00001>
  <Type>"直行箭头绿灯"</Type>
  <Position>
    682 214 21 20</Position></Frame00005Target00001>
<Frame00005Target00002>
  <Type>"左转箭头绿灯"</Type>
  <Position>
    590 214 20 21</Position></Frame00005Target00002>
<Frame00006TargetNumber>3</Frame00006TargetNumber>
<Frame00006Target00000>
  <Type>"左转箭头绿灯"</Type>
  <Position>
    589 215 19 17</Position></Frame00006Target00000>
<Frame00006Target00001>
  <Type>"直行箭头绿灯"</Type>
  <Position>
    684 214 19 20</Position></Frame00006Target00001>
<Frame00006Target00002>
  <Type>"直行箭头绿灯"</Type>
  <Position>
    780 215 21 21</Position></Frame00006Target00002>
<Frame00007TargetNumber>3</Frame00007TargetNumber>
<Frame00007Target00000>
  <Type>"直行箭头绿灯"</Type>
  <Position>
    782 213 21 21</Position></Frame00007Target00000>
<Frame00007Target00001>
  <Type>"直行箭头绿灯"</Type>
  <Position>
    685 211 20 20</Position></Frame00007Target00001>
<Frame00007Target00002>
  <Type>"左转箭头绿灯"</Type>
  <Position>
    592 213 14 19</Position></Frame00007Target00002>
<Frame00008TargetNumber>3</Frame00008TargetNumber>
<Frame00008Target00000>
  <Type>"左转箭头绿灯"</Type>
  <Position>
    590 211 17 19</Position></Frame00008Target00000>
<Frame00008Target00001>
  <Type>"直行箭头绿灯"</Type>
  <Position>
    688 213 16 19</Position></Frame00008Target00001>
<Frame00008Target00002>
  <Type>"直行箭头绿灯"</Type>
  <Position>
    786 211 16 21</Position></Frame00008Target00002>
<Frame00009TargetNumber>3</Frame00009TargetNumber>
<Frame00009Target00000>
  <Type>"直行箭头绿灯"</Type>
  <Position>
    788 213 17 21</Position></Frame00009Target00000>
<Frame00009Target00001>
  <Type>"直行箭头绿灯"</Type>
  <Position>
    689 208 19 21</Position></Frame00009Target00001>
<Frame00009Target00002>
  <Type>"左转箭头绿灯"</Type>
  <Position>
    589 210 19 21</Position></Frame00009Target00002>
<Frame00010TargetNumber>3</Frame00010TargetNumber>
<Frame00010Target00000>
  <Type>"左转箭头绿灯"</Type>
  <Position>
    588 211 21 19</Position></Frame00010Target00000>
<Frame00010Target00001>
  <Type>"直行箭头绿灯"</Type>
  <Position>
    686 209 22 21</Position></Frame00010Target00001>
<Frame00010Target00002>
  <Type>"直行箭头绿灯"</Type>
  <Position>
    789 209 18 21</Position></Frame00010Target00002>
<Frame00011TargetNumber>3</Frame00011TargetNumber>
<Frame00011Target00000>
  <Type>"直行箭头绿灯"</Type>
  <Position>
    791 208 16 21</Position></Frame00011Target00000>
<Frame00011Target00001>
  <Type>"直行箭头绿灯"</Type>
  <Position>
    690 208 17 20</Position></Frame00011Target00001>
<Frame00011Target00002>
  <Type>"左转箭头绿灯"</Type>
  <Position>
    593 209 14 23</Position></Frame00011Target00002>
<Frame00012TargetNumber>3</Frame00012TargetNumber>
<Frame00012Target00000>
  <Type>"左转箭头绿灯"</Type>
  <Position>
    593 207 18 18</Position></Frame00012Target00000>
<Frame00012Target00001>
  <Type>"直行箭头绿灯"</Type>
  <Position>
    691 209 21 19</Position></Frame00012Target00001>
<Frame00012Target00002>
  <Type>"直行箭头绿灯"</Type>
  <Position>
    792 209 18 19</Position></Frame00012Target00002>
<Frame00013TargetNumber>3</Frame00013TargetNumber>
<Frame00013Target00000>
  <Type>"直行箭头绿灯"</Type>
  <Position>
    794 208 20 19</Position></Frame00013Target00000>
<Frame00013Target00001>
  <Type>"直行箭头绿灯"</Type>
  <Position>
    691 209 21 19</Position></Frame00013Target00001>
<Frame00013Target00002>
  <Type>"左转箭头绿灯"</Type>
  <Position>
    590 209 21 21</Position></Frame00013Target00002>
<Frame00014TargetNumber>3</Frame00014TargetNumber>
<Frame00014Target00000>
  <Type>"左转箭头绿灯"</Type>
  <Position>
    590 208 24 21</Position></Frame00014Target00000>
<Frame00014Target00001>
  <Type>"直行箭头绿灯"</Type>
  <Position>
    695 205 17 23</Position></Frame00014Target00001>
<Frame00014Target00002>
  <Type>"直行箭头绿灯"</Type>
  <Position>
    798 208 16 19</Position></Frame00014Target00002>
<Frame00015TargetNumber>3</Frame00015TargetNumber>
<Frame00015Target00000>
  <Type>"直行箭头绿灯"</Type>
  <Position>
    802 208 14 21</Position></Frame00015Target00000>
<Frame00015Target00001>
  <Type>"直行箭头绿灯"</Type>
  <Position>
    697 208 16 22</Position></Frame00015Target00001>
<Frame00015Target00002>
  <Type>"左转箭头绿灯"</Type>
  <Position>
    593 206 22 20</Position></Frame00015Target00002>
<Frame00016TargetNumber>3</Frame00016TargetNumber>
<Frame00016Target00000>
  <Type>"左转箭头绿灯"</Type>
  <Position>
    593 207 19 18</Position></Frame00016Target00000>
<Frame00016Target00001>
  <Type>"直行箭头绿灯"</Type>
  <Position>
    698 205 18 20</Position></Frame00016Target00001>
<Frame00016Target00002>
  <Type>"直行箭头绿灯"</Type>
  <Position>
    804 209 15 19</Position></Frame00016Target00002>
</opencv_storage>
