<?xml version="1.0" encoding="UTF-8"?>
<opencv_storage>
<FrameNumber>14</FrameNumber>
<Frame00000TargetNumber>3</Frame00000TargetNumber>
<Frame00000Target00000>
  <Type>"禁6-禁止机动车驶入"</Type>
  <Position>
    875 273 32 32</Position></Frame00000Target00000>
<Frame00000Target00001>
  <Type>"示31-非机动车行驶"</Type>
  <Position>
    959 284 37 39</Position></Frame00000Target00001>
<Frame00000Target00002>
  <Type>"路34-交通监控设备"</Type>
  <Position>
    960 325 37 47</Position></Frame00000Target00002>
<Frame00001TargetNumber>3</Frame00001TargetNumber>
<Frame00001Target00000>
  <Type>"路34-交通监控设备"</Type>
  <Position>
    969 316 40 48</Position></Frame00001Target00000>
<Frame00001Target00001>
  <Type>"示31-非机动车行驶"</Type>
  <Position>
    970 275 38 40</Position></Frame00001Target00001>
<Frame00001Target00002>
  <Type>"禁6-禁止机动车驶入"</Type>
  <Position>
    880 263 33 34</Position></Frame00001Target00002>
<Frame00002TargetNumber>3</Frame00002TargetNumber>
<Frame00002Target00000>
  <Type>"禁6-禁止机动车驶入"</Type>
  <Position>
    887 264 35 33</Position></Frame00002Target00000>
<Frame00002Target00001>
  <Type>"示31-非机动车行驶"</Type>
  <Position>
    980 274 40 42</Position></Frame00002Target00001>
<Frame00002Target00002>
  <Type>"路34-交通监控设备"</Type>
  <Position>
    981 317 38 51</Position></Frame00002Target00002>
<Frame00003TargetNumber>3</Frame00003TargetNumber>
<Frame00003Target00000>
  <Type>"路34-交通监控设备"</Type>
  <Position>
    991 315 41 52</Position></Frame00003Target00000>
<Frame00003Target00001>
  <Type>"示31-非机动车行驶"</Type>
  <Position>
    989 271 42 43</Position></Frame00003Target00001>
<Frame00003Target00002>
  <Type>"禁6-禁止机动车驶入"</Type>
  <Position>
    892 261 37 34</Position></Frame00003Target00002>
<Frame00004TargetNumber>3</Frame00004TargetNumber>
<Frame00004Target00000>
  <Type>"禁6-禁止机动车驶入"</Type>
  <Position>
    901 252 34 35</Position></Frame00004Target00000>
<Frame00004Target00001>
  <Type>"示31-非机动车行驶"</Type>
  <Position>
    1000 260 47 44</Position></Frame00004Target00001>
<Frame00004Target00002>
  <Type>"路34-交通监控设备"</Type>
  <Position>
    1001 307 45 56</Position></Frame00004Target00002>
<Frame00005TargetNumber>3</Frame00005TargetNumber>
<Frame00005Target00000>
  <Type>"路34-交通监控设备"</Type>
  <Position>
    1013 306 45 55</Position></Frame00005Target00000>
<Frame00005Target00001>
  <Type>"示31-非机动车行驶"</Type>
  <Position>
    1012 256 45 46</Position></Frame00005Target00001>
<Frame00005Target00002>
  <Type>"禁6-禁止机动车驶入"</Type>
  <Position>
    906 248 38 37</Position></Frame00005Target00002>
<Frame00006TargetNumber>3</Frame00006TargetNumber>
<Frame00006Target00000>
  <Type>"禁6-禁止机动车驶入"</Type>
  <Position>
    914 238 41 40</Position></Frame00006Target00000>
<Frame00006Target00001>
  <Type>"示31-非机动车行驶"</Type>
  <Position>
    1026 250 50 45</Position></Frame00006Target00001>
<Frame00006Target00002>
  <Type>"路34-交通监控设备"</Type>
  <Position>
    1028 295 46 60</Position></Frame00006Target00002>
<Frame00007TargetNumber>3</Frame00007TargetNumber>
<Frame00007Target00000>
  <Type>"路34-交通监控设备"</Type>
  <Position>
    1044 290 49 60</Position></Frame00007Target00000>
<Frame00007Target00001>
  <Type>"示31-非机动车行驶"</Type>
  <Position>
    1043 238 48 50</Position></Frame00007Target00001>
<Frame00007Target00002>
  <Type>"禁6-禁止机动车驶入"</Type>
  <Position>
    925 233 38 39</Position></Frame00007Target00002>
<Frame00008TargetNumber>3</Frame00008TargetNumber>
<Frame00008Target00000>
  <Type>"禁6-禁止机动车驶入"</Type>
  <Position>
    935 223 42 39</Position></Frame00008Target00000>
<Frame00008Target00001>
  <Type>"示31-非机动车行驶"</Type>
  <Position>
    1060 227 52 53</Position></Frame00008Target00001>
<Frame00008Target00002>
  <Type>"路34-交通监控设备"</Type>
  <Position>
    1061 282 53 63</Position></Frame00008Target00002>
<Frame00009TargetNumber>3</Frame00009TargetNumber>
<Frame00009Target00000>
  <Type>"禁6-禁止机动车驶入"</Type>
  <Position>
    950 211 41 41</Position></Frame00009Target00000>
<Frame00009Target00001>
  <Type>"示31-非机动车行驶"</Type>
  <Position>
    1082 213 55 56</Position></Frame00009Target00001>
<Frame00009Target00002>
  <Type>"路34-交通监控设备"</Type>
  <Position>
    1082 274 57 64</Position></Frame00009Target00002>
<Frame00010TargetNumber>3</Frame00010TargetNumber>
<Frame00010Target00000>
  <Type>"路34-交通监控设备"</Type>
  <Position>
    1108 269 55 66</Position></Frame00010Target00000>
<Frame00010Target00001>
  <Type>"示31-非机动车行驶"</Type>
  <Position>
    1106 208 58 58</Position></Frame00010Target00001>
<Frame00010Target00002>
  <Type>"禁6-禁止机动车驶入"</Type>
  <Position>
    963 207 46 43</Position></Frame00010Target00002>
<Frame00011TargetNumber>3</Frame00011TargetNumber>
<Frame00011Target00000>
  <Type>"禁6-禁止机动车驶入"</Type>
  <Position>
    982 202 45 46</Position></Frame00011Target00000>
<Frame00011Target00001>
  <Type>"示31-非机动车行驶"</Type>
  <Position>
    1133 202 60 61</Position></Frame00011Target00001>
<Frame00011Target00002>
  <Type>"路34-交通监控设备"</Type>
  <Position>
    1135 264 58 72</Position></Frame00011Target00002>
<Frame00012TargetNumber>3</Frame00012TargetNumber>
<Frame00012Target00000>
  <Type>"路34-交通监控设备"</Type>
  <Position>
    1166 268 63 79</Position></Frame00012Target00000>
<Frame00012Target00001>
  <Type>"示31-非机动车行驶"</Type>
  <Position>
    1164 206 65 62</Position></Frame00012Target00001>
<Frame00012Target00002>
  <Type>"禁6-禁止机动车驶入"</Type>
  <Position>
    1001 206 50 49</Position></Frame00012Target00002>
<Frame00013TargetNumber>3</Frame00013TargetNumber>
<Frame00013Target00000>
  <Type>"禁6-禁止机动车驶入"</Type>
  <Position>
    1023 213 51 49</Position></Frame00013Target00000>
<Frame00013Target00001>
  <Type>"示31-非机动车行驶"</Type>
  <Position>
    1198 209 72 66</Position></Frame00013Target00001>
<Frame00013Target00002>
  <Type>"路34-交通监控设备"</Type>
  <Position>
    1201 277 69 81</Position></Frame00013Target00002>
</opencv_storage>
