<?xml version="1.0"?>
<opencv_storage>
<FrameNumber>14</FrameNumber>
<Frame00000TargetNumber>1</Frame00000TargetNumber>
<Frame00000Target00000>
  <Type>"路7-环形交叉路口"</Type>
  <Position>
    721 162 137 77</Position></Frame00000Target00000>
<Frame00001TargetNumber>1</Frame00001TargetNumber>
<Frame00001Target00000>
  <Type>"路7-环形交叉路口"</Type>
  <Position>
    716 145 147 91</Position></Frame00001Target00000>
<Frame00002TargetNumber>1</Frame00002TargetNumber>
<Frame00002Target00000>
  <Type>"路7-环形交叉路口"</Type>
  <Position>
    714 144 153 88</Position></Frame00002Target00000>
<Frame00003TargetNumber>1</Frame00003TargetNumber>
<Frame00003Target00000>
  <Type>"路7-环形交叉路口"</Type>
  <Position>
    720 139 149 90</Position></Frame00003Target00000>
<Frame00004TargetNumber>1</Frame00004TargetNumber>
<Frame00004Target00000>
  <Type>"路7-环形交叉路口"</Type>
  <Position>
    717 135 163 92</Position></Frame00004Target00000>
<Frame00005TargetNumber>1</Frame00005TargetNumber>
<Frame00005Target00000>
  <Type>"路7-环形交叉路口"</Type>
  <Position>
    723 124 162 95</Position></Frame00005Target00000>
<Frame00006TargetNumber>1</Frame00006TargetNumber>
<Frame00006Target00000>
  <Type>"路7-环形交叉路口"</Type>
  <Position>
    725 110 168 99</Position></Frame00006Target00000>
<Frame00007TargetNumber>1</Frame00007TargetNumber>
<Frame00007Target00000>
  <Type>"路7-环形交叉路口"</Type>
  <Position>
    720 99 187 102</Position></Frame00007Target00000>
<Frame00008TargetNumber>1</Frame00008TargetNumber>
<Frame00008Target00000>
  <Type>"路7-环形交叉路口"</Type>
  <Position>
    729 86 182 103</Position></Frame00008Target00000>
<Frame00009TargetNumber>1</Frame00009TargetNumber>
<Frame00009Target00000>
  <Type>"路7-环形交叉路口"</Type>
  <Position>
    727 67 196 111</Position></Frame00009Target00000>
<Frame00010TargetNumber>1</Frame00010TargetNumber>
<Frame00010Target00000>
  <Type>"路7-环形交叉路口"</Type>
  <Position>
    722 47 209 115</Position></Frame00010Target00000>
<Frame00011TargetNumber>1</Frame00011TargetNumber>
<Frame00011Target00000>
  <Type>"路7-环形交叉路口"</Type>
  <Position>
    714 35 227 124</Position></Frame00011Target00000>
<Frame00012TargetNumber>1</Frame00012TargetNumber>
<Frame00012Target00000>
  <Type>"路7-环形交叉路口"</Type>
  <Position>
    713 16 236 132</Position></Frame00012Target00000>
<Frame00013TargetNumber>1</Frame00013TargetNumber>
<Frame00013Target00000>
  <Type>"路7-环形交叉路口"</Type>
  <Position>
    707 2 253 139</Position></Frame00013Target00000>
</opencv_storage>
