<?xml version="1.0"?>
<opencv_storage>
<FrameNumber>169</FrameNumber>
<Frame00000TargetNumber>0</Frame00000TargetNumber>
<Frame00001TargetNumber>0</Frame00001TargetNumber>
<Frame00002TargetNumber>0</Frame00002TargetNumber>
<Frame00003TargetNumber>2</Frame00003TargetNumber>
<Frame00003Target00000>
  <Type>"圆形红灯"</Type>
  <Position>
    666 297 11 10</Position></Frame00003Target00000>
<Frame00003Target00001>
  <Type>"圆形红灯"</Type>
  <Position>
    695 296 11 13</Position></Frame00003Target00001>
<Frame00004TargetNumber>4</Frame00004TargetNumber>
<Frame00004Target00000>
  <Type>"圆形红灯"</Type>
  <Position>
    666 298 12 9</Position></Frame00004Target00000>
<Frame00004Target00001>
  <Type>"圆形红灯"</Type>
  <Position>
    695 299 13 10</Position></Frame00004Target00001>
<Frame00004Target00002>
  <Type>"圆形绿灯"</Type>
  <Position>
    667 308 9 9</Position></Frame00004Target00002>
<Frame00004Target00003>
  <Type>"圆形绿灯"</Type>
  <Position>
    696 309 13 8</Position></Frame00004Target00003>
<Frame00005TargetNumber>2</Frame00005TargetNumber>
<Frame00005Target00000>
  <Type>"圆形绿灯"</Type>
  <Position>
    668 309 13 11</Position></Frame00005Target00000>
<Frame00005Target00001>
  <Type>"圆形绿灯"</Type>
  <Position>
    700 309 10 11</Position></Frame00005Target00001>
<Frame00006TargetNumber>2</Frame00006TargetNumber>
<Frame00006Target00000>
  <Type>"圆形绿灯"</Type>
  <Position>
    674 308 9 13</Position></Frame00006Target00000>
<Frame00006Target00001>
  <Type>"圆形绿灯"</Type>
  <Position>
    704 308 10 11</Position></Frame00006Target00001>
<Frame00007TargetNumber>2</Frame00007TargetNumber>
<Frame00007Target00000>
  <Type>"圆形绿灯"</Type>
  <Position>
    710 306 11 12</Position></Frame00007Target00000>
<Frame00007Target00001>
  <Type>"圆形绿灯"</Type>
  <Position>
    680 305 11 14</Position></Frame00007Target00001>
<Frame00008TargetNumber>2</Frame00008TargetNumber>
<Frame00008Target00000>
  <Type>"圆形绿灯"</Type>
  <Position>
    689 306 11 12</Position></Frame00008Target00000>
<Frame00008Target00001>
  <Type>"圆形绿灯"</Type>
  <Position>
    717 305 15 14</Position></Frame00008Target00001>
<Frame00009TargetNumber>2</Frame00009TargetNumber>
<Frame00009Target00000>
  <Type>"圆形绿灯"</Type>
  <Position>
    698 304 13 12</Position></Frame00009Target00000>
<Frame00009Target00001>
  <Type>"圆形绿灯"</Type>
  <Position>
    729 306 13 12</Position></Frame00009Target00001>
<Frame00010TargetNumber>2</Frame00010TargetNumber>
<Frame00010Target00000>
  <Type>"圆形绿灯"</Type>
  <Position>
    709 306 13 14</Position></Frame00010Target00000>
<Frame00010Target00001>
  <Type>"圆形绿灯"</Type>
  <Position>
    742 307 10 11</Position></Frame00010Target00001>
<Frame00011TargetNumber>2</Frame00011TargetNumber>
<Frame00011Target00000>
  <Type>"圆形绿灯"</Type>
  <Position>
    724 309 11 13</Position></Frame00011Target00000>
<Frame00011Target00001>
  <Type>"圆形绿灯"</Type>
  <Position>
    755 308 15 14</Position></Frame00011Target00001>
<Frame00012TargetNumber>2</Frame00012TargetNumber>
<Frame00012Target00000>
  <Type>"圆形绿灯"</Type>
  <Position>
    738 313 11 13</Position></Frame00012Target00000>
<Frame00012Target00001>
  <Type>"圆形绿灯"</Type>
  <Position>
    768 314 13 11</Position></Frame00012Target00001>
<Frame00013TargetNumber>2</Frame00013TargetNumber>
<Frame00013Target00000>
  <Type>"圆形绿灯"</Type>
  <Position>
    753 312 15 12</Position></Frame00013Target00000>
<Frame00013Target00001>
  <Type>"圆形绿灯"</Type>
  <Position>
    784 314 15 11</Position></Frame00013Target00001>
<Frame00014TargetNumber>2</Frame00014TargetNumber>
<Frame00014Target00000>
  <Type>"圆形绿灯"</Type>
  <Position>
    770 313 10 14</Position></Frame00014Target00000>
<Frame00014Target00001>
  <Type>"圆形绿灯"</Type>
  <Position>
    801 313 12 13</Position></Frame00014Target00001>
<Frame00015TargetNumber>2</Frame00015TargetNumber>
<Frame00015Target00000>
  <Type>"圆形绿灯"</Type>
  <Position>
    786 318 10 13</Position></Frame00015Target00000>
<Frame00015Target00001>
  <Type>"圆形绿灯"</Type>
  <Position>
    816 318 10 13</Position></Frame00015Target00001>
<Frame00016TargetNumber>2</Frame00016TargetNumber>
<Frame00016Target00000>
  <Type>"圆形绿灯"</Type>
  <Position>
    800 317 13 11</Position></Frame00016Target00000>
<Frame00016Target00001>
  <Type>"圆形绿灯"</Type>
  <Position>
    830 319 13 12</Position></Frame00016Target00001>
<Frame00017TargetNumber>2</Frame00017TargetNumber>
<Frame00017Target00000>
  <Type>"圆形绿灯"</Type>
  <Position>
    815 317 12 15</Position></Frame00017Target00000>
<Frame00017Target00001>
  <Type>"圆形绿灯"</Type>
  <Position>
    847 319 11 11</Position></Frame00017Target00001>
<Frame00018TargetNumber>2</Frame00018TargetNumber>
<Frame00018Target00000>
  <Type>"圆形绿灯"</Type>
  <Position>
    828 320 13 10</Position></Frame00018Target00000>
<Frame00018Target00001>
  <Type>"圆形绿灯"</Type>
  <Position>
    860 320 14 10</Position></Frame00018Target00001>
<Frame00019TargetNumber>2</Frame00019TargetNumber>
<Frame00019Target00000>
  <Type>"圆形绿灯"</Type>
  <Position>
    842 318 11 15</Position></Frame00019Target00000>
<Frame00019Target00001>
  <Type>"圆形绿灯"</Type>
  <Position>
    875 319 11 12</Position></Frame00019Target00001>
<Frame00020TargetNumber>2</Frame00020TargetNumber>
<Frame00020Target00000>
  <Type>"圆形绿灯"</Type>
  <Position>
    854 319 12 16</Position></Frame00020Target00000>
<Frame00020Target00001>
  <Type>"圆形绿灯"</Type>
  <Position>
    885 318 11 18</Position></Frame00020Target00001>
<Frame00021TargetNumber>2</Frame00021TargetNumber>
<Frame00021Target00000>
  <Type>"圆形绿灯"</Type>
  <Position>
    863 319 13 14</Position></Frame00021Target00000>
<Frame00021Target00001>
  <Type>"圆形绿灯"</Type>
  <Position>
    896 321 15 12</Position></Frame00021Target00001>
<Frame00022TargetNumber>3</Frame00022TargetNumber>
<Frame00022Target00000>
  <Type>"圆形绿灯"</Type>
  <Position>
    872 320 14 12</Position></Frame00022Target00000>
<Frame00022Target00001>
  <Type>"圆形绿灯"</Type>
  <Position>
    903 321 15 14</Position></Frame00022Target00001>
<Frame00022Target00002>
  <Type>"圆形绿灯"</Type>
  <Position>
    841 322 13 11</Position></Frame00022Target00002>
<Frame00023TargetNumber>3</Frame00023TargetNumber>
<Frame00023Target00000>
  <Type>"圆形绿灯"</Type>
  <Position>
    852 317 10 9</Position></Frame00023Target00000>
<Frame00023Target00001>
  <Type>"圆形绿灯"</Type>
  <Position>
    883 316 13 16</Position></Frame00023Target00001>
<Frame00023Target00002>
  <Type>"圆形绿灯"</Type>
  <Position>
    914 315 12 15</Position></Frame00023Target00002>
<Frame00024TargetNumber>3</Frame00024TargetNumber>
<Frame00024Target00000>
  <Type>"圆形绿灯"</Type>
  <Position>
    859 313 14 10</Position></Frame00024Target00000>
<Frame00024Target00001>
  <Type>"圆形绿灯"</Type>
  <Position>
    891 311 15 15</Position></Frame00024Target00001>
<Frame00024Target00002>
  <Type>"圆形绿灯"</Type>
  <Position>
    924 311 13 15</Position></Frame00024Target00002>
<Frame00025TargetNumber>3</Frame00025TargetNumber>
<Frame00025Target00000>
  <Type>"圆形绿灯"</Type>
  <Position>
    931 310 16 12</Position></Frame00025Target00000>
<Frame00025Target00001>
  <Type>"圆形绿灯"</Type>
  <Position>
    898 309 13 13</Position></Frame00025Target00001>
<Frame00025Target00002>
  <Type>"圆形绿灯"</Type>
  <Position>
    867 310 12 13</Position></Frame00025Target00002>
<Frame00026TargetNumber>3</Frame00026TargetNumber>
<Frame00026Target00000>
  <Type>"圆形绿灯"</Type>
  <Position>
    871 312 16 12</Position></Frame00026Target00000>
<Frame00026Target00001>
  <Type>"圆形绿灯"</Type>
  <Position>
    906 312 12 14</Position></Frame00026Target00001>
<Frame00026Target00002>
  <Type>"圆形绿灯"</Type>
  <Position>
    940 312 11 12</Position></Frame00026Target00002>
<Frame00027TargetNumber>3</Frame00027TargetNumber>
