<?xml version="1.0"?>
<opencv_storage>
<FrameNumber>46</FrameNumber>
<Frame00000TargetNumber>2</Frame00000TargetNumber>
<Frame00000Target00000>
  <Type>"示31-非机动车行驶"</Type>
  <Position>
    868 265 20 24</Position></Frame00000Target00000>
<Frame00000Target00001>
  <Type>"示19-人行横道"</Type>
  <Position>
    884 287 20 17</Position></Frame00000Target00001>
<Frame00001TargetNumber>2</Frame00001TargetNumber>
<Frame00001Target00000>
  <Type>"示19-人行横道"</Type>
  <Position>
    884 292 19 24</Position></Frame00001Target00000>
<Frame00001Target00001>
  <Type>"示31-非机动车行驶"</Type>
  <Position>
    865 271 25 26</Position></Frame00001Target00001>
<Frame00002TargetNumber>2</Frame00002TargetNumber>
<Frame00002Target00000>
  <Type>"示31-非机动车行驶"</Type>
  <Position>
    864 281 27 26</Position></Frame00002Target00000>
<Frame00002Target00001>
  <Type>"示19-人行横道"</Type>
  <Position>
    884 304 20 20</Position></Frame00002Target00001>
<Frame00003TargetNumber>2</Frame00003TargetNumber>
<Frame00003Target00000>
  <Type>"示19-人行横道"</Type>
  <Position>
    889 303 19 22</Position></Frame00003Target00000>
<Frame00003Target00001>
  <Type>"示31-非机动车行驶"</Type>
  <Position>
    869 281 23 24</Position></Frame00003Target00001>
<Frame00004TargetNumber>2</Frame00004TargetNumber>
<Frame00004Target00000>
  <Type>"示31-非机动车行驶"</Type>
  <Position>
    874 275 22 25</Position></Frame00004Target00000>
<Frame00004Target00001>
  <Type>"示19-人行横道"</Type>
  <Position>
    891 295 22 24</Position></Frame00004Target00001>
<Frame00005TargetNumber>2</Frame00005TargetNumber>
<Frame00005Target00000>
  <Type>"示19-人行横道"</Type>
  <Position>
    896 288 17 26</Position></Frame00005Target00000>
<Frame00005Target00001>
  <Type>"示31-非机动车行驶"</Type>
  <Position>
    876 268 26 24</Position></Frame00005Target00001>
<Frame00006TargetNumber>2</Frame00006TargetNumber>
<Frame00006Target00000>
  <Type>"示31-非机动车行驶"</Type>
  <Position>
    881 268 22 24</Position></Frame00006Target00000>
<Frame00006Target00001>
  <Type>"示19-人行横道"</Type>
  <Position>
    898 291 19 20</Position></Frame00006Target00001>
<Frame00007TargetNumber>2</Frame00007TargetNumber>
<Frame00007Target00000>
  <Type>"示19-人行横道"</Type>
  <Position>
    901 285 21 25</Position></Frame00007Target00000>
<Frame00007Target00001>
  <Type>"示31-非机动车行驶"</Type>
  <Position>
    882 264 24 24</Position></Frame00007Target00001>
<Frame00008TargetNumber>2</Frame00008TargetNumber>
<Frame00008Target00000>
  <Type>"示31-非机动车行驶"</Type>
  <Position>
    888 261 22 27</Position></Frame00008Target00000>
<Frame00008Target00001>
  <Type>"示19-人行横道"</Type>
  <Position>
    903 286 22 23</Position></Frame00008Target00001>
<Frame00009TargetNumber>3</Frame00009TargetNumber>
<Frame00009Target00000>
  <Type>"示19-人行横道"</Type>
  <Position>
    909 284 19 23</Position></Frame00009Target00000>
<Frame00009Target00001>
  <Type>"示31-非机动车行驶"</Type>
  <Position>
    888 260 25 25</Position></Frame00009Target00001>
<Frame00010TargetNumber>2</Frame00010TargetNumber>
<Frame00010Target00000>
  <Type>"示31-非机动车行驶"</Type>
  <Position>
    894 266 20 25</Position></Frame00010Target00000>
<Frame00010Target00001>
  <Type>"示19-人行横道"</Type>
  <Position>
    912 289 15 21</Position></Frame00010Target00001>
<Frame00011TargetNumber>2</Frame00011TargetNumber>
<Frame00011Target00000>
  <Type>"示31-非机动车行驶"</Type>
  <Position>
    895 264 27 27</Position></Frame00011Target00000>
<Frame00011Target00001>
  <Type>"示19-人行横道"</Type>
  <Position>
    913 291 18 21</Position></Frame00011Target00001>
<Frame00012TargetNumber>2</Frame00012TargetNumber>
<Frame00012Target00000>
  <Type>"示19-人行横道"</Type>
  <Position>
    917 288 17 21</Position></Frame00012Target00000>
<Frame00012Target00001>
  <Type>"示31-非机动车行驶"</Type>
  <Position>
    902 264 24 28</Position></Frame00012Target00001>
<Frame00013TargetNumber>2</Frame00013TargetNumber>
<Frame00013Target00000>
  <Type>"示31-非机动车行驶"</Type>
  <Position>
    906 263 25 28</Position></Frame00013Target00000>
<Frame00013Target00001>
  <Type>"示19-人行横道"</Type>
  <Position>
    921 291 17 20</Position></Frame00013Target00001>
<Frame00014TargetNumber>2</Frame00014TargetNumber>
<Frame00014Target00000>
  <Type>"示19-人行横道"</Type>
  <Position>
    924 289 19 25</Position></Frame00014Target00000>
<Frame00014Target00001>
  <Type>"示31-非机动车行驶"</Type>
  <Position>
    907 261 28 30</Position></Frame00014Target00001>
<Frame00015TargetNumber>2</Frame00015TargetNumber>
<Frame00015Target00000>
  <Type>"示31-非机动车行驶"</Type>
  <Position>
    912 261 25 29</Position></Frame00015Target00000>
<Frame00015Target00001>
  <Type>"示19-人行横道"</Type>
  <Position>
    929 288 16 21</Position></Frame00015Target00001>
<Frame00016TargetNumber>2</Frame00016TargetNumber>
<Frame00016Target00000>
  <Type>"示19-人行横道"</Type>
  <Position>
    931 286 21 29</Position></Frame00016Target00000>
<Frame00016Target00001>
  <Type>"示31-非机动车行驶"</Type>
  <Position>
    914 261 29 27</Position></Frame00016Target00001>
<Frame00017TargetNumber>2</Frame00017TargetNumber>
<Frame00017Target00000>
  <Type>"示31-非机动车行驶"</Type>
  <Position>
    919 262 30 27</Position></Frame00017Target00000>
<Frame00017Target00001>
  <Type>"示19-人行横道"</Type>
  <Position>
    933 289 21 21</Position></Frame00017Target00001>
<Frame00018TargetNumber>2</Frame00018TargetNumber>
<Frame00018Target00000>
  <Type>"示19-人行横道"</Type>
  <Position>
    940 289 21 24</Position></Frame00018Target00000>
<Frame00018Target00001>
  <Type>"示31-非机动车行驶"</Type>
  <Position>
    923 262 31 29</Position></Frame00018Target00001>
<Frame00019TargetNumber>2</Frame00019TargetNumber>
<Frame00019Target00000>
  <Type>"示31-非机动车行驶"</Type>
  <Position>
    929 261 29 28</Position></Frame00019Target00000>
<Frame00019Target00001>
  <Type>"示19-人行横道"</Type>
  <Position>
    944 288 17 22</Position></Frame00019Target00001>
<Frame00020TargetNumber>2</Frame00020TargetNumber>
<Frame00020Target00000>
  <Type>"示19-人行横道"</Type>
  <Position>
    947 288 20 22</Position></Frame00020Target00000>
<Frame00020Target00001>
  <Type>"示31-非机动车行驶"</Type>
  <Position>
    931 259 31 31</Position></Frame00020Target00001>
<Frame00021TargetNumber>2</Frame00021TargetNumber>
<Frame00021Target00000>
  <Type>"示31-非机动车行驶"</Type>
  <Position>
    939 259 26 29</Position></Frame00021Target00000>
<Frame00021Target00001>
  <Type>"示19-人行横道"</Type>
  <Position>
    953 287 19 19</Position></Frame00021Target00001>
<Frame00022TargetNumber>2</Frame00022TargetNumber>
<Frame00022Target00000>
  <Type>"示19-人行横道"</Type>
  <Position>
    958 288 23 19</Position></Frame00022Target00000>
<Frame00022Target00001>
  <Type>"示31-非机动车行驶"</Type>
  <Position>
    941 260 30 28</Position></Frame00022Target00001>
<Frame00023TargetNumber>2</Frame00023TargetNumber>
<Frame00023Target00000>
  <Type>"示31-非机动车行驶"</Type>
  <Position>
    947 257 31 32</Position></Frame00023Target00000>
<Frame00023Target00001>
  <Type>"示19-人行横道"</Type>
  <Position>
    962 288 24 21</Position></Frame00023Target00001>
<Frame00024TargetNumber>2</Frame00024TargetNumber>
<Frame00024Target00000>
  <Type>"示19-人行横道"</Type>
  <Position>
    971 281 18 19</Position></Frame00024Target00000>
<Frame00024Target00001>
  <Type>"示31-非机动车行驶"</Type>
  <Position>
    956 255 28 29</Position></Frame00024Target00001>
<Frame00025TargetNumber>3</Frame00025TargetNumber>
<Frame00025Target00000>
  <Type>"示31-非机动车行驶"</Type>
  <Position>
    962 249 27 29</Position></Frame00025Target00000>
<Frame00025Target00001>
  <Type>"示19-人行横道"</Type>
  <Position>
    976 276 23 25</Position></Frame00025Target00001>
<Frame00025Target00002>
  <Type>"禁38-限制速度"</Type>
  <Position>
    1046 265 17 20</Position></Frame00025Target00002>
<Frame00026TargetNumber>3</Frame00026TargetNumber>
