<?xml version="1.0"?>
<opencv_storage>
<FrameNumber>51</FrameNumber>
<Frame00000TargetNumber>0</Frame00000TargetNumber>
<Frame00001TargetNumber>0</Frame00001TargetNumber>
<Frame00002TargetNumber>0</Frame00002TargetNumber>
<Frame00003TargetNumber>1</Frame00003TargetNumber>
<Frame00003Target00000>
  <Type>"圆形绿灯"</Type>
  <Position>
    785 333 7 7</Position></Frame00003Target00000>
<Frame00004TargetNumber>1</Frame00004TargetNumber>
<Frame00004Target00000>
  <Type>"圆形绿灯"</Type>
  <Position>
    786 337 9 9</Position></Frame00004Target00000>
<Frame00005TargetNumber>1</Frame00005TargetNumber>
<Frame00005Target00000>
  <Type>"圆形绿灯"</Type>
  <Position>
    789 341 7 8</Position></Frame00005Target00000>
<Frame00006TargetNumber>1</Frame00006TargetNumber>
<Frame00006Target00000>
  <Type>"圆形绿灯"</Type>
  <Position>
    791 334 8 8</Position></Frame00006Target00000>
<Frame00007TargetNumber>1</Frame00007TargetNumber>
<Frame00007Target00000>
  <Type>"圆形绿灯"</Type>
  <Position>
    793 331 7 9</Position></Frame00007Target00000>
<Frame00008TargetNumber>1</Frame00008TargetNumber>
<Frame00008Target00000>
  <Type>"圆形绿灯"</Type>
  <Position>
    794 332 8 9</Position></Frame00008Target00000>
<Frame00009TargetNumber>2</Frame00009TargetNumber>
<Frame00009Target00000>
  <Type>"圆形绿灯"</Type>
  <Position>
    797 328 8 8</Position></Frame00009Target00000>
<Frame00009Target00001>
  <Type>"圆形绿灯"</Type>
  <Position>
    898 327 7 8</Position></Frame00009Target00001>
<Frame00010TargetNumber>2</Frame00010TargetNumber>
<Frame00010Target00000>
  <Type>"圆形绿灯"</Type>
  <Position>
    799 332 6 6</Position></Frame00010Target00000>
<Frame00010Target00001>
  <Type>"圆形绿灯"</Type>
  <Position>
    901 331 7 7</Position></Frame00010Target00001>
<Frame00011TargetNumber>2</Frame00011TargetNumber>
<Frame00011Target00000>
  <Type>"圆形绿灯"</Type>
  <Position>
    796 333 7 8</Position></Frame00011Target00000>
<Frame00011Target00001>
  <Type>"圆形绿灯"</Type>
  <Position>
    903 334 7 6</Position></Frame00011Target00001>
<Frame00012TargetNumber>2</Frame00012TargetNumber>
<Frame00012Target00000>
  <Type>"圆形绿灯"</Type>
  <Position>
    797 337 9 9</Position></Frame00012Target00000>
<Frame00012Target00001>
  <Type>"圆形绿灯"</Type>
  <Position>
    905 336 7 8</Position></Frame00012Target00001>
<Frame00013TargetNumber>2</Frame00013TargetNumber>
<Frame00013Target00000>
  <Type>"圆形绿灯"</Type>
  <Position>
    800 331 8 8</Position></Frame00013Target00000>
<Frame00013Target00001>
  <Type>"圆形绿灯"</Type>
  <Position>
    909 330 6 7</Position></Frame00013Target00001>
<Frame00014TargetNumber>2</Frame00014TargetNumber>
<Frame00014Target00000>
  <Type>"圆形绿灯"</Type>
  <Position>
    799 324 9 9</Position></Frame00014Target00000>
<Frame00014Target00001>
  <Type>"圆形绿灯"</Type>
  <Position>
    909 322 9 9</Position></Frame00014Target00001>
<Frame00015TargetNumber>2</Frame00015TargetNumber>
<Frame00015Target00000>
  <Type>"圆形绿灯"</Type>
  <Position>
    799 327 8 8</Position></Frame00015Target00000>
<Frame00015Target00001>
  <Type>"圆形绿灯"</Type>
  <Position>
    912 325 9 8</Position></Frame00015Target00001>
<Frame00016TargetNumber>3</Frame00016TargetNumber>
<Frame00016Target00000>
  <Type>"圆形绿灯"</Type>
  <Position>
    800 323 8 7</Position></Frame00016Target00000>
<Frame00016Target00001>
  <Type>"圆形绿灯"</Type>
  <Position>
    913 322 10 7</Position></Frame00016Target00001>
<Frame00016Target00002>
  <Type>"左转箭头绿灯"</Type>
  <Position>
    744 323 9 8</Position></Frame00016Target00002>
<Frame00017TargetNumber>3</Frame00017TargetNumber>
<Frame00017Target00000>
  <Type>"左转箭头绿灯"</Type>
  <Position>
    746 328 9 9</Position></Frame00017Target00000>
<Frame00017Target00001>
  <Type>"圆形绿灯"</Type>
  <Position>
    802 328 9 10</Position></Frame00017Target00001>
<Frame00017Target00002>
  <Type>"圆形绿灯"</Type>
  <Position>
    918 328 8 8</Position></Frame00017Target00002>
<Frame00018TargetNumber>3</Frame00018TargetNumber>
<Frame00018Target00000>
  <Type>"圆形绿灯"</Type>
  <Position>
    801 322 9 8</Position></Frame00018Target00000>
<Frame00018Target00001>
  <Type>"圆形绿灯"</Type>
  <Position>
    919 320 9 9</Position></Frame00018Target00001>
<Frame00018Target00002>
  <Type>"左转箭头绿灯"</Type>
  <Position>
    745 322 9 9</Position></Frame00018Target00002>
<Frame00019TargetNumber>3</Frame00019TargetNumber>
<Frame00019Target00000>
  <Type>"左转箭头绿灯"</Type>
  <Position>
    744 321 9 9</Position></Frame00019Target00000>
<Frame00019Target00001>
  <Type>"圆形绿灯"</Type>
  <Position>
    803 321 9 8</Position></Frame00019Target00001>
<Frame00019Target00002>
  <Type>"圆形绿灯"</Type>
  <Position>
    923 319 8 9</Position></Frame00019Target00002>
<Frame00020TargetNumber>3</Frame00020TargetNumber>
<Frame00020Target00000>
  <Type>"圆形绿灯"</Type>
  <Position>
    804 319 10 10</Position></Frame00020Target00000>
<Frame00020Target00001>
  <Type>"圆形绿灯"</Type>
  <Position>
    928 318 8 10</Position></Frame00020Target00001>
<Frame00020Target00002>
  <Type>"左转箭头绿灯"</Type>
  <Position>
    745 320 10 9</Position></Frame00020Target00002>
<Frame00021TargetNumber>3</Frame00021TargetNumber>
<Frame00021Target00000>
  <Type>"左转箭头绿灯"</Type>
  <Position>
    745 317 9 9</Position></Frame00021Target00000>
<Frame00021Target00001>
  <Type>"圆形绿灯"</Type>
  <Position>
    806 317 8 8</Position></Frame00021Target00001>
<Frame00021Target00002>
  <Type>"圆形绿灯"</Type>
  <Position>
    930 314 9 9</Position></Frame00021Target00002>
<Frame00022TargetNumber>3</Frame00022TargetNumber>
<Frame00022Target00000>
  <Type>"圆形绿灯"</Type>
  <Position>
    809 322 10 10</Position></Frame00022Target00000>
<Frame00022Target00001>
  <Type>"圆形绿灯"</Type>
  <Position>
    935 320 10 11</Position></Frame00022Target00001>
<Frame00022Target00002>
  <Type>"左转箭头绿灯"</Type>
  <Position>
    747 324 9 8</Position></Frame00022Target00002>
<Frame00023TargetNumber>3</Frame00023TargetNumber>
<Frame00023Target00000>
  <Type>"左转箭头绿灯"</Type>
  <Position>
    747 318 10 9</Position></Frame00023Target00000>
<Frame00023Target00001>
  <Type>"圆形绿灯"</Type>
  <Position>
    810 316 10 10</Position></Frame00023Target00001>
<Frame00023Target00002>
  <Type>"圆形绿灯"</Type>
  <Position>
    938 313 10 10</Position></Frame00023Target00002>
<Frame00024TargetNumber>3</Frame00024TargetNumber>
<Frame00024Target00000>
  <Type>"圆形绿灯"</Type>
  <Position>
    941 311 10 9</Position></Frame00024Target00000>
<Frame00024Target00001>
  <Type>"圆形绿灯"</Type>
  <Position>
    809 315 10 9</Position></Frame00024Target00001>
<Frame00024Target00002>
  <Type>"左转箭头绿灯"</Type>
  <Position>
    745 315 10 10</Position></Frame00024Target00002>
<Frame00025TargetNumber>3</Frame00025TargetNumber>
<Frame00025Target00000>
  <Type>"左转箭头绿灯"</Type>
  <Position>
    743 309 9 9</Position></Frame00025Target00000>
<Frame00025Target00001>
  <Type>"圆形绿灯"</Type>
  <Position>
    810 309 9 9</Position></Frame00025Target00001>
<Frame00025Target00002>
  <Type>"圆形绿灯"</Type>
  <Position>
    947 306 10 9</Position></Frame00025Target00002>
<Frame00026TargetNumber>3</Frame00026TargetNumber>
<Frame00026Target00000>
  <Type>"圆形绿灯"</Type>
  <Position>
    809 309 11 10</Position></Frame00026Target00000>
<Frame00026Target00001>
  <Type>"圆形绿灯"</Type>
  <Position>
    947 305 9 10</Position></Frame00026Target00001>
<Frame00026Target00002>
  <Type>"左转箭头绿灯"</Type>
  <Position>
    743 310 10 9</Position></Frame00026Target00002>
<Frame00027TargetNumber>3</Frame00027TargetNumber>
<Frame00027Target00000>
  <Type>"左转箭头绿灯"</Type>
  <Position>
    740 308 11 10</Position></Frame00027Target00000>
<Frame00027Target00001>
  <Type>"圆形绿灯"</Type>
  <Position>
    809 308 10 10</Position></Frame00027Target00001>
<Frame00027Target00002>
  <Type>"圆形绿灯"</Type>
  <Position>
    949 306 10 8</Position></Frame00027Target00002>
