<?xml version="1.0"?>
<opencv_storage>
<FrameNumber>14</FrameNumber>
<Frame00000TargetNumber>3</Frame00000TargetNumber>
<Frame00000Target00000>
  <Type>"禁7-禁止载货汽车驶入"</Type>
  <Position>
    1021 198 65 67</Position></Frame00000Target00000>
<Frame00000Target00001>
  <Type>"直行箭头绿灯"</Type>
  <Position>
    619 66 25 29</Position></Frame00000Target00001>
<Frame00000Target00002>
  <Type>"直行箭头绿灯"</Type>
  <Position>
    768 63 26 29</Position></Frame00000Target00002>
<Frame00001TargetNumber>3</Frame00001TargetNumber>
<Frame00001Target00000>
  <Type>"直行箭头绿灯"</Type>
  <Position>
    612 55 32 29</Position></Frame00001Target00000>
<Frame00001Target00001>
  <Type>"直行箭头绿灯"</Type>
  <Position>
    769 49 29 32</Position></Frame00001Target00001>
<Frame00001Target00002>
  <Type>"禁7-禁止载货汽车驶入"</Type>
  <Position>
    1026 188 68 66</Position></Frame00001Target00002>
<Frame00002TargetNumber>3</Frame00002TargetNumber>
<Frame00002Target00000>
  <Type>"禁7-禁止载货汽车驶入"</Type>
  <Position>
    1034 183 70 66</Position></Frame00002Target00000>
<Frame00002Target00001>
  <Type>"直行箭头绿灯"</Type>
  <Position>
    611 46 21 26</Position></Frame00002Target00001>
<Frame00002Target00002>
  <Type>"直行箭头绿灯"</Type>
  <Position>
    770 41 25 30</Position></Frame00002Target00002>
<Frame00003TargetNumber>3</Frame00003TargetNumber>
<Frame00003Target00000>
  <Type>"直行箭头绿灯"</Type>
  <Position>
    607 39 25 33</Position></Frame00003Target00000>
<Frame00003Target00001>
  <Type>"直行箭头绿灯"</Type>
  <Position>
    770 37 26 27</Position></Frame00003Target00001>
<Frame00003Target00002>
  <Type>"禁7-禁止载货汽车驶入"</Type>
  <Position>
    1042 176 75 72</Position></Frame00003Target00002>
<Frame00004TargetNumber>3</Frame00004TargetNumber>
<Frame00004Target00000>
  <Type>"禁7-禁止载货汽车驶入"</Type>
  <Position>
    1050 166 77 76</Position></Frame00004Target00000>
<Frame00004Target00001>
  <Type>"直行箭头绿灯"</Type>
  <Position>
    600 28 26 26</Position></Frame00004Target00001>
<Frame00004Target00002>
  <Type>"直行箭头绿灯"</Type>
  <Position>
    773 25 22 25</Position></Frame00004Target00002>
<Frame00005TargetNumber>3</Frame00005TargetNumber>
<Frame00005Target00000>
  <Type>"直行箭头绿灯"</Type>
  <Position>
    596 18 25 29</Position></Frame00005Target00000>
<Frame00005Target00001>
  <Type>"直行箭头绿灯"</Type>
  <Position>
    772 13 24 31</Position></Frame00005Target00001>
<Frame00005Target00002>
  <Type>"禁7-禁止载货汽车驶入"</Type>
  <Position>
    1062 159 76 77</Position></Frame00005Target00002>
<Frame00006TargetNumber>3</Frame00006TargetNumber>
<Frame00006Target00000>
  <Type>"禁7-禁止载货汽车驶入"</Type>
  <Position>
    1070 159 81 80</Position></Frame00006Target00000>
<Frame00006Target00001>
  <Type>"直行箭头绿灯"</Type>
  <Position>
    592 17 27 29</Position></Frame00006Target00001>
<Frame00006Target00002>
  <Type>"直行箭头绿灯"</Type>
  <Position>
    770 15 28 26</Position></Frame00006Target00002>
<Frame00007TargetNumber>3</Frame00007TargetNumber>
<Frame00007Target00000>
  <Type>"直行箭头绿灯"</Type>
  <Position>
    587 11 26 33</Position></Frame00007Target00000>
<Frame00007Target00001>
  <Type>"直行箭头绿灯"</Type>
  <Position>
    770 11 29 29</Position></Frame00007Target00001>
<Frame00007Target00002>
  <Type>"禁7-禁止载货汽车驶入"</Type>
  <Position>
    1078 160 85 80</Position></Frame00007Target00002>
<Frame00008TargetNumber>3</Frame00008TargetNumber>
<Frame00008Target00000>
  <Type>"禁7-禁止载货汽车驶入"</Type>
  <Position>
    1093 155 86 85</Position></Frame00008Target00000>
<Frame00008Target00001>
  <Type>"直行箭头绿灯"</Type>
  <Position>
    582 10 27 28</Position></Frame00008Target00001>
<Frame00008Target00002>
  <Type>"直行箭头绿灯"</Type>
  <Position>
    769 2 30 31</Position></Frame00008Target00002>
<Frame00009TargetNumber>3</Frame00009TargetNumber>
<Frame00009Target00000>
  <Type>"直行箭头绿灯"</Type>
  <Position>
    577 1 24 23</Position></Frame00009Target00000>
<Frame00009Target00001>
  <Type>"直行箭头绿灯"</Type>
  <Position>
    773 1 23 15</Position></Frame00009Target00001>
<Frame00009Target00002>
  <Type>"禁7-禁止载货汽车驶入"</Type>
  <Position>
    1103 146 94 85</Position></Frame00009Target00002>
<Frame00010TargetNumber>1</Frame00010TargetNumber>
<Frame00010Target00000>
  <Type>"禁7-禁止载货汽车驶入"</Type>
  <Position>
    1119 128 95 93</Position></Frame00010Target00000>
<Frame00011TargetNumber>1</Frame00011TargetNumber>
<Frame00011Target00000>
  <Type>"禁7-禁止载货汽车驶入"</Type>
  <Position>
    1134 114 100 97</Position></Frame00011Target00000>
<Frame00012TargetNumber>1</Frame00012TargetNumber>
<Frame00012Target00000>
  <Type>"禁7-禁止载货汽车驶入"</Type>
  <Position>
    1152 110 104 100</Position></Frame00012Target00000>
<Frame00013TargetNumber>1</Frame00013TargetNumber>
<Frame00013Target00000>
  <Type>"禁7-禁止载货汽车驶入"</Type>
  <Position>
    1169 103 110 107</Position></Frame00013Target00000>
</opencv_storage>
