<?xml version="1.0"?>
<opencv_storage>
<FrameNumber>18</FrameNumber>
<Frame00000TargetNumber>1</Frame00000TargetNumber>
<Frame00000Target00000>
  <Type>"圆形黄灯"</Type>
  <Position>
    514 204 15 12</Position></Frame00000Target00000>
<Frame00001TargetNumber>1</Frame00001TargetNumber>
<Frame00001Target00000>
  <Type>"圆形黄灯"</Type>
  <Position>
    497 200 17 16</Position></Frame00001Target00000>
<Frame00002TargetNumber>1</Frame00002TargetNumber>
<Frame00002Target00000>
  <Type>"圆形黄灯"</Type>
  <Position>
    483 199 13 15</Position></Frame00002Target00000>
<Frame00003TargetNumber>1</Frame00003TargetNumber>
<Frame00003Target00000>
  <Type>"圆形黄灯"</Type>
  <Position>
    466 195 12 14</Position></Frame00003Target00000>
<Frame00004TargetNumber>1</Frame00004TargetNumber>
<Frame00004Target00000>
  <Type>"圆形黄灯"</Type>
  <Position>
    451 194 16 16</Position></Frame00004Target00000>
<Frame00005TargetNumber>1</Frame00005TargetNumber>
<Frame00005Target00000>
  <Type>"圆形黄灯"</Type>
  <Position>
    432 191 19 16</Position></Frame00005Target00000>
<Frame00006TargetNumber>1</Frame00006TargetNumber>
<Frame00006Target00000>
  <Type>"圆形黄灯"</Type>
  <Position>
    418 188 13 17</Position></Frame00006Target00000>
<Frame00007TargetNumber>1</Frame00007TargetNumber>
<Frame00007Target00000>
  <Type>"圆形黄灯"</Type>
  <Position>
    402 189 14 15</Position></Frame00007Target00000>
<Frame00008TargetNumber>1</Frame00008TargetNumber>
<Frame00008Target00000>
  <Type>"圆形黄灯"</Type>
  <Position>
    385 186 14 17</Position></Frame00008Target00000>
<Frame00009TargetNumber>1</Frame00009TargetNumber>
<Frame00009Target00000>
  <Type>"圆形黄灯"</Type>
  <Position>
    369 186 17 17</Position></Frame00009Target00000>
<Frame00010TargetNumber>1</Frame00010TargetNumber>
<Frame00010Target00000>
  <Type>"圆形黄灯"</Type>
  <Position>
    351 186 19 14</Position></Frame00010Target00000>
<Frame00011TargetNumber>1</Frame00011TargetNumber>
<Frame00011Target00000>
  <Type>"圆形黄灯"</Type>
  <Position>
    335 182 13 18</Position></Frame00011Target00000>
<Frame00012TargetNumber>1</Frame00012TargetNumber>
<Frame00012Target00000>
  <Type>"圆形黄灯"</Type>
  <Position>
    317 184 14 19</Position></Frame00012Target00000>
<Frame00013TargetNumber>1</Frame00013TargetNumber>
<Frame00013Target00000>
  <Type>"圆形黄灯"</Type>
  <Position>
    295 185 19 16</Position></Frame00013Target00000>
<Frame00014TargetNumber>1</Frame00014TargetNumber>
<Frame00014Target00000>
  <Type>"圆形黄灯"</Type>
  <Position>
    277 184 15 17</Position></Frame00014Target00000>
<Frame00015TargetNumber>1</Frame00015TargetNumber>
<Frame00015Target00000>
  <Type>"圆形黄灯"</Type>
  <Position>
    257 181 13 18</Position></Frame00015Target00000>
<Frame00016TargetNumber>1</Frame00016TargetNumber>
<Frame00016Target00000>
  <Type>"圆形黄灯"</Type>
  <Position>
    236 181 16 17</Position></Frame00016Target00000>
<Frame00017TargetNumber>1</Frame00017TargetNumber>
<Frame00017Target00000>
  <Type>"圆形黄灯"</Type>
  <Position>
    213 178 15 18</Position></Frame00017Target00000>
</opencv_storage>
