<?xml version="1.0" encoding="UTF-8"?>
<opencv_storage>
<FrameNumber>19</FrameNumber>
<Frame00000TargetNumber>1</Frame00000TargetNumber>
<Frame00000Target00000>
  <Type>"警2-向左急弯路"</Type>
  <Position>
    1026 296 61 51</Position></Frame00000Target00000>
<Frame00001TargetNumber>1</Frame00001TargetNumber>
<Frame00001Target00000>
  <Type>"警2-向左急弯路"</Type>
  <Position>
    1027 293 57 53</Position></Frame00001Target00000>
<Frame00002TargetNumber>1</Frame00002TargetNumber>
<Frame00002Target00000>
  <Type>"警2-向左急弯路"</Type>
  <Position>
    1027 299 62 51</Position></Frame00002Target00000>
<Frame00003TargetNumber>1</Frame00003TargetNumber>
<Frame00003Target00000>
  <Type>"警2-向左急弯路"</Type>
  <Position>
    1026 300 66 53</Position></Frame00003Target00000>
<Frame00004TargetNumber>1</Frame00004TargetNumber>
<Frame00004Target00000>
  <Type>"警2-向左急弯路"</Type>
  <Position>
    1025 301 68 57</Position></Frame00004Target00000>
<Frame00005TargetNumber>1</Frame00005TargetNumber>
<Frame00005Target00000>
  <Type>"警2-向左急弯路"</Type>
  <Position>
    1023 305 70 57</Position></Frame00005Target00000>
<Frame00006TargetNumber>1</Frame00006TargetNumber>
<Frame00006Target00000>
  <Type>"警2-向左急弯路"</Type>
  <Position>
    1023 298 72 63</Position></Frame00006Target00000>
<Frame00007TargetNumber>1</Frame00007TargetNumber>
<Frame00007Target00000>
  <Type>"警2-向左急弯路"</Type>
  <Position>
    1026 292 68 61</Position></Frame00007Target00000>
<Frame00008TargetNumber>1</Frame00008TargetNumber>
<Frame00008Target00000>
  <Type>"警2-向左急弯路"</Type>
  <Position>
    1025 284 77 64</Position></Frame00008Target00000>
<Frame00009TargetNumber>1</Frame00009TargetNumber>
<Frame00009Target00000>
  <Type>"警2-向左急弯路"</Type>
  <Position>
    1028 278 76 64</Position></Frame00009Target00000>
<Frame00010TargetNumber>1</Frame00010TargetNumber>
<Frame00010Target00000>
  <Type>"警2-向左急弯路"</Type>
  <Position>
    1026 273 77 63</Position></Frame00010Target00000>
<Frame00011TargetNumber>1</Frame00011TargetNumber>
<Frame00011Target00000>
  <Type>"警2-向左急弯路"</Type>
  <Position>
    1028 271 80 70</Position></Frame00011Target00000>
<Frame00012TargetNumber>1</Frame00012TargetNumber>
<Frame00012Target00000>
  <Type>"警2-向左急弯路"</Type>
  <Position>
    1032 276 80 67</Position></Frame00012Target00000>
<Frame00013TargetNumber>1</Frame00013TargetNumber>
<Frame00013Target00000>
  <Type>"警2-向左急弯路"</Type>
  <Position>
    1028 283 83 66</Position></Frame00013Target00000>
<Frame00014TargetNumber>1</Frame00014TargetNumber>
<Frame00014Target00000>
  <Type>"警2-向左急弯路"</Type>
  <Position>
    1030 282 86 74</Position></Frame00014Target00000>
<Frame00015TargetNumber>1</Frame00015TargetNumber>
<Frame00015Target00000>
  <Type>"警2-向左急弯路"</Type>
  <Position>
    1031 283 88 71</Position></Frame00015Target00000>
<Frame00016TargetNumber>1</Frame00016TargetNumber>
<Frame00016Target00000>
  <Type>"警2-向左急弯路"</Type>
  <Position>
    1035 273 89 76</Position></Frame00016Target00000>
<Frame00017TargetNumber>1</Frame00017TargetNumber>
<Frame00017Target00000>
  <Type>"警2-向左急弯路"</Type>
  <Position>
    1038 261 89 77</Position></Frame00017Target00000>
<Frame00018TargetNumber>1</Frame00018TargetNumber>
<Frame00018Target00000>
  <Type>"警2-向左急弯路"</Type>
  <Position>
    1038 248 97 83</Position></Frame00018Target00000>
</opencv_storage>
