<?xml version="1.0"?>
<opencv_storage>
<FrameNumber>12</FrameNumber>
<Frame00000TargetNumber>1</Frame00000TargetNumber>
<Frame00000Target00000>
  <Type>"路37-组合使用向右"</Type>
  <Position>
    464 327 73 26</Position></Frame00000Target00000>
<Frame00001TargetNumber>1</Frame00001TargetNumber>
<Frame00001Target00000>
  <Type>"路37-组合使用向右"</Type>
  <Position>
    472 326 74 28</Position></Frame00001Target00000>
<Frame00002TargetNumber>1</Frame00002TargetNumber>
<Frame00002Target00000>
  <Type>"路37-组合使用向右"</Type>
  <Position>
    476 330 76 24</Position></Frame00002Target00000>
<Frame00003TargetNumber>1</Frame00003TargetNumber>
<Frame00003Target00000>
  <Type>"路37-组合使用向右"</Type>
  <Position>
    477 329 79 28</Position></Frame00003Target00000>
<Frame00004TargetNumber>1</Frame00004TargetNumber>
<Frame00004Target00000>
  <Type>"路37-组合使用向右"</Type>
  <Position>
    481 327 80 28</Position></Frame00004Target00000>
<Frame00005TargetNumber>1</Frame00005TargetNumber>
<Frame00005Target00000>
  <Type>"路37-组合使用向右"</Type>
  <Position>
    487 326 81 28</Position></Frame00005Target00000>
<Frame00006TargetNumber>1</Frame00006TargetNumber>
<Frame00006Target00000>
  <Type>"路37-组合使用向右"</Type>
  <Position>
    493 326 79 29</Position></Frame00006Target00000>
<Frame00007TargetNumber>1</Frame00007TargetNumber>
<Frame00007Target00000>
  <Type>"路37-组合使用向右"</Type>
  <Position>
    492 322 83 31</Position></Frame00007Target00000>
<Frame00008TargetNumber>1</Frame00008TargetNumber>
<Frame00008Target00000>
  <Type>"路37-组合使用向右"</Type>
  <Position>
    495 320 82 32</Position></Frame00008Target00000>
<Frame00009TargetNumber>1</Frame00009TargetNumber>
<Frame00009Target00000>
  <Type>"路37-组合使用向右"</Type>
  <Position>
    497 320 87 33</Position></Frame00009Target00000>
<Frame00010TargetNumber>1</Frame00010TargetNumber>
<Frame00010Target00000>
  <Type>"路37-组合使用向右"</Type>
  <Position>
    496 321 90 30</Position></Frame00010Target00000>
<Frame00011TargetNumber>1</Frame00011TargetNumber>
<Frame00011Target00000>
  <Type>"路37-组合使用向右"</Type>
  <Position>
    500 320 91 31</Position></Frame00011Target00000>
</opencv_storage>
