<?xml version="1.0"?>
<opencv_storage>
<FrameNumber>33</FrameNumber>
<Frame00000TargetNumber>4</Frame00000TargetNumber>
<Frame00000Target00000>
  <Type>"圆形绿灯"</Type>
  <Position>
    673 257 20 21</Position></Frame00000Target00000>
<Frame00000Target00001>
  <Type>"示30-机动车车道"</Type>
  <Position>
    672 279 19 21</Position></Frame00000Target00001>
<Frame00000Target00002>
  <Type>"示32-非机动车车道"</Type>
  <Position>
    540 187 13 14</Position></Frame00000Target00002>
<Frame00000Target00003>
  <Type>"圆形绿灯"</Type>
  <Position>
    622 193 13 12</Position></Frame00000Target00003>
<Frame00001TargetNumber>4</Frame00001TargetNumber>
<Frame00001Target00000>
  <Type>"圆形绿灯"</Type>
  <Position>
    540 183 11 12</Position></Frame00001Target00000>
<Frame00001Target00001>
  <Type>"圆形绿灯"</Type>
  <Position>
    622 191 13 11</Position></Frame00001Target00001>
<Frame00001Target00002>
  <Type>"示30-机动车车道"</Type>
  <Position>
    674 255 20 24</Position></Frame00001Target00002>
<Frame00001Target00003>
  <Type>"示32-非机动车车道"</Type>
  <Position>
    675 280 17 17</Position></Frame00001Target00003>
<Frame00002TargetNumber>4</Frame00002TargetNumber>
<Frame00002Target00000>
  <Type>"示32-非机动车车道"</Type>
  <Position>
    673 280 18 17</Position></Frame00002Target00000>
<Frame00002Target00001>
  <Type>"示30-机动车车道"</Type>
  <Position>
    675 257 20 21</Position></Frame00002Target00001>
<Frame00002Target00002>
  <Type>"圆形绿灯"</Type>
  <Position>
    537 183 14 15</Position></Frame00002Target00002>
<Frame00002Target00003>
  <Type>"圆形绿灯"</Type>
  <Position>
    620 190 15 16</Position></Frame00002Target00003>
<Frame00003TargetNumber>4</Frame00003TargetNumber>
<Frame00003Target00000>
  <Type>"圆形绿灯"</Type>
  <Position>
    534 185 15 14</Position></Frame00003Target00000>
<Frame00003Target00001>
  <Type>"圆形绿灯"</Type>
  <Position>
    619 190 13 13</Position></Frame00003Target00001>
<Frame00003Target00002>
  <Type>"示30-机动车车道"</Type>
  <Position>
    672 258 21 20</Position></Frame00003Target00002>
<Frame00003Target00003>
  <Type>"示32-非机动车车道"</Type>
  <Position>
    672 281 18 19</Position></Frame00003Target00003>
<Frame00004TargetNumber>4</Frame00004TargetNumber>
<Frame00004Target00000>
  <Type>"示32-非机动车车道"</Type>
  <Position>
    670 282 19 19</Position></Frame00004Target00000>
<Frame00004Target00001>
  <Type>"示30-机动车车道"</Type>
  <Position>
    674 257 20 23</Position></Frame00004Target00001>
<Frame00004Target00002>
  <Type>"圆形绿灯"</Type>
  <Position>
    533 184 15 14</Position></Frame00004Target00002>
<Frame00004Target00003>
  <Type>"圆形绿灯"</Type>
  <Position>
    619 190 11 11</Position></Frame00004Target00003>
<Frame00005TargetNumber>4</Frame00005TargetNumber>
<Frame00005Target00000>
  <Type>"圆形绿灯"</Type>
  <Position>
    529 179 13 13</Position></Frame00005Target00000>
<Frame00005Target00001>
  <Type>"圆形绿灯"</Type>
  <Position>
    617 186 12 13</Position></Frame00005Target00001>
<Frame00005Target00002>
  <Type>"示30-机动车车道"</Type>
  <Position>
    670 253 21 22</Position></Frame00005Target00002>
<Frame00005Target00003>
  <Type>"示32-非机动车车道"</Type>
  <Position>
    667 276 19 22</Position></Frame00005Target00003>
<Frame00006TargetNumber>4</Frame00006TargetNumber>
<Frame00006Target00000>
  <Type>"示32-非机动车车道"</Type>
  <Position>
    667 274 17 20</Position></Frame00006Target00000>
<Frame00006Target00001>
  <Type>"示30-机动车车道"</Type>
  <Position>
    666 251 23 21</Position></Frame00006Target00001>
<Frame00006Target00002>
  <Type>"圆形绿灯"</Type>
  <Position>
    527 175 11 11</Position></Frame00006Target00002>
<Frame00006Target00003>
  <Type>"圆形绿灯"</Type>
  <Position>
    614 181 11 13</Position></Frame00006Target00003>
<Frame00007TargetNumber>4</Frame00007TargetNumber>
<Frame00007Target00000>
  <Type>"圆形绿灯"</Type>
  <Position>
    523 173 11 12</Position></Frame00007Target00000>
<Frame00007Target00001>
  <Type>"圆形绿灯"</Type>
  <Position>
    610 181 12 10</Position></Frame00007Target00001>
<Frame00007Target00002>
  <Type>"示30-机动车车道"</Type>
  <Position>
    662 250 26 23</Position></Frame00007Target00002>
<Frame00007Target00003>
  <Type>"示32-非机动车车道"</Type>
  <Position>
    663 275 22 19</Position></Frame00007Target00003>
<Frame00008TargetNumber>4</Frame00008TargetNumber>
<Frame00008Target00000>
  <Type>"示32-非机动车车道"</Type>
  <Position>
    661 274 19 18</Position></Frame00008Target00000>
<Frame00008Target00001>
  <Type>"示30-机动车车道"</Type>
  <Position>
    659 250 25 24</Position></Frame00008Target00001>
<Frame00008Target00002>
  <Type>"圆形绿灯"</Type>
  <Position>
    519 173 11 11</Position></Frame00008Target00002>
<Frame00008Target00003>
  <Type>"圆形绿灯"</Type>
  <Position>
    607 180 12 12</Position></Frame00008Target00003>
<Frame00009TargetNumber>4</Frame00009TargetNumber>
<Frame00009Target00000>
  <Type>"圆形绿灯"</Type>
  <Position>
    511 170 14 11</Position></Frame00009Target00000>
<Frame00009Target00001>
  <Type>"圆形绿灯"</Type>
  <Position>
    602 178 14 13</Position></Frame00009Target00001>
<Frame00009Target00002>
  <Type>"示30-机动车车道"</Type>
  <Position>
    655 246 23 25</Position></Frame00009Target00002>
<Frame00009Target00003>
  <Type>"示32-非机动车车道"</Type>
  <Position>
    656 273 20 21</Position></Frame00009Target00003>
<Frame00010TargetNumber>4</Frame00010TargetNumber>
<Frame00010Target00000>
  <Type>"示32-非机动车车道"</Type>
  <Position>
    650 272 22 22</Position></Frame00010Target00000>
<Frame00010Target00001>
  <Type>"示30-机动车车道"</Type>
  <Position>
    651 250 24 23</Position></Frame00010Target00001>
<Frame00010Target00002>
  <Type>"圆形绿灯"</Type>
  <Position>
    597 175 12 13</Position></Frame00010Target00002>
<Frame00010Target00003>
  <Type>"圆形绿灯"</Type>
  <Position>
    507 169 12 10</Position></Frame00010Target00003>
<Frame00011TargetNumber>4</Frame00011TargetNumber>
<Frame00011Target00000>
  <Type>"圆形绿灯"</Type>
  <Position>
    500 165 13 13</Position></Frame00011Target00000>
<Frame00011Target00001>
  <Type>"圆形绿灯"</Type>
  <Position>
    590 171 14 14</Position></Frame00011Target00001>
<Frame00011Target00002>
  <Type>"示30-机动车车道"</Type>
  <Position>
    645 244 23 24</Position></Frame00011Target00002>
<Frame00011Target00003>
  <Type>"示32-非机动车车道"</Type>
  <Position>
    643 270 23 23</Position></Frame00011Target00003>
<Frame00012TargetNumber>4</Frame00012TargetNumber>
<Frame00012Target00000>
  <Type>"示32-非机动车车道"</Type>
  <Position>
    639 271 21 21</Position></Frame00012Target00000>
<Frame00012Target00001>
  <Type>"示30-机动车车道"</Type>
  <Position>
    640 245 23 25</Position></Frame00012Target00001>
<Frame00012Target00002>
  <Type>"圆形绿灯"</Type>
  <Position>
    585 173 11 13</Position></Frame00012Target00002>
<Frame00012Target00003>
  <Type>"圆形绿灯"</Type>
  <Position>
    493 167 13 11</Position></Frame00012Target00003>
<Frame00013TargetNumber>4</Frame00013TargetNumber>
<Frame00013Target00000>
  <Type>"圆形绿灯"</Type>
  <Position>
    485 167 11 12</Position></Frame00013Target00000>
<Frame00013Target00001>
  <Type>"圆形绿灯"</Type>
  <Position>
    577 176 10 10</Position></Frame00013Target00001>
<Frame00013Target00002>
  <Type>"示30-机动车车道"</Type>
  <Position>
    630 248 26 25</Position></Frame00013Target00002>
<Frame00013Target00003>
  <Type>"示32-非机动车车道"</Type>
  <Position>
    631 275 24 21</Position></Frame00013Target00003>
<Frame00014TargetNumber>4</Frame00014TargetNumber>
<Frame00014Target00000>
  <Type>"示32-非机动车车道"</Type>
  <Position>
    624 274 22 21</Position></Frame00014Target00000>
<Frame00014Target00001>
  <Type>"示30-机动车车道"</Type>
  <Position>
    626 249 23 23</Position></Frame00014Target00001>
<Frame00014Target00002>
  <Type>"圆形绿灯"</Type>
  <Position>
    475 168 11 12</Position></Frame00014Target00002>
<Frame00014Target00003>
  <Type>"圆形绿灯"</Type>
  <Position>
    569 175 12 11</Position></Frame00014Target00003>
