<?xml version="1.0"?>
<opencv_storage>
<FrameNumber>14</FrameNumber>
<Frame00000TargetNumber>1</Frame00000TargetNumber>
<Frame00000Target00000>
  <Type>"路5-丁字交叉路口"</Type>
  <Position>
    787 172 152 76</Position></Frame00000Target00000>
<Frame00001TargetNumber>1</Frame00001TargetNumber>
<Frame00001Target00000>
  <Type>"路5-丁字交叉路口"</Type>
  <Position>
    789 165 155 76</Position></Frame00001Target00000>
<Frame00002TargetNumber>1</Frame00002TargetNumber>
<Frame00002Target00000>
  <Type>"路5-丁字交叉路口"</Type>
  <Position>
    789 169 157 72</Position></Frame00002Target00000>
<Frame00003TargetNumber>1</Frame00003TargetNumber>
<Frame00003Target00000>
  <Type>"路5-丁字交叉路口"</Type>
  <Position>
    791 161 166 79</Position></Frame00003Target00000>
<Frame00004TargetNumber>1</Frame00004TargetNumber>
<Frame00004Target00000>
  <Type>"路5-丁字交叉路口"</Type>
  <Position>
    787 153 173 79</Position></Frame00004Target00000>
<Frame00005TargetNumber>1</Frame00005TargetNumber>
<Frame00005Target00000>
  <Type>"路5-丁字交叉路口"</Type>
  <Position>
    789 142 174 84</Position></Frame00005Target00000>
<Frame00006TargetNumber>1</Frame00006TargetNumber>
<Frame00006Target00000>
  <Type>"路5-丁字交叉路口"</Type>
  <Position>
    788 125 186 90</Position></Frame00006Target00000>
<Frame00007TargetNumber>1</Frame00007TargetNumber>
<Frame00007Target00000>
  <Type>"路5-丁字交叉路口"</Type>
  <Position>
    792 110 192 91</Position></Frame00007Target00000>
<Frame00008TargetNumber>1</Frame00008TargetNumber>
<Frame00008Target00000>
  <Type>"路5-丁字交叉路口"</Type>
  <Position>
    787 101 203 93</Position></Frame00008Target00000>
<Frame00009TargetNumber>1</Frame00009TargetNumber>
<Frame00009Target00000>
  <Type>"路5-丁字交叉路口"</Type>
  <Position>
    789 87 208 103</Position></Frame00009Target00000>
<Frame00010TargetNumber>1</Frame00010TargetNumber>
<Frame00010Target00000>
  <Type>"路5-丁字交叉路口"</Type>
  <Position>
    793 66 217 113</Position></Frame00010Target00000>
<Frame00011TargetNumber>1</Frame00011TargetNumber>
<Frame00011Target00000>
  <Type>"路5-丁字交叉路口"</Type>
  <Position>
    792 49 230 116</Position></Frame00011Target00000>
<Frame00012TargetNumber>1</Frame00012TargetNumber>
<Frame00012Target00000>
  <Type>"路5-丁字交叉路口"</Type>
  <Position>
    797 30 243 121</Position></Frame00012Target00000>
<Frame00013TargetNumber>1</Frame00013TargetNumber>
<Frame00013Target00000>
  <Type>"路5-丁字交叉路口"</Type>
  <Position>
    798 7 259 131</Position></Frame00013Target00000>
</opencv_storage>
