<?xml version="1.0"?>
<opencv_storage>
<FrameNumber>15</FrameNumber>
<Frame00000TargetNumber>2</Frame00000TargetNumber>
<Frame00000Target00000>
  <Type>"示29-机动车行驶"</Type>
  <Position>
    286 171 61 70</Position></Frame00000Target00000>
<Frame00000Target00001>
  <Type>"禁38-限制速度"</Type>
  <Position>
    294 243 57 66</Position></Frame00000Target00001>
<Frame00001TargetNumber>2</Frame00001TargetNumber>
<Frame00001Target00000>
  <Type>"禁38-限制速度"</Type>
  <Position>
    350 166 61 70</Position></Frame00001Target00000>
<Frame00001Target00001>
  <Type>"示29-机动车行驶"</Type>
  <Position>
    354 237 59 70</Position></Frame00001Target00001>
<Frame00002TargetNumber>2</Frame00002TargetNumber>
<Frame00002Target00000>
  <Type>"禁38-限制速度"</Type>
  <Position>
    420 234 56 70</Position></Frame00002Target00000>
<Frame00002Target00001>
  <Type>"示29-机动车行驶"</Type>
  <Position>
    415 163 59 71</Position></Frame00002Target00001>
<Frame00003TargetNumber>2</Frame00003TargetNumber>
<Frame00003Target00000>
  <Type>"示29-机动车行驶"</Type>
  <Position>
    475 155 64 74</Position></Frame00003Target00000>
<Frame00003Target00001>
  <Type>"禁38-限制速度"</Type>
  <Position>
    480 229 58 71</Position></Frame00003Target00001>
<Frame00004TargetNumber>2</Frame00004TargetNumber>
<Frame00004Target00000>
  <Type>"禁38-限制速度"</Type>
  <Position>
    544 222 58 74</Position></Frame00004Target00000>
<Frame00004Target00001>
  <Type>"示29-机动车行驶"</Type>
  <Position>
    539 150 58 74</Position></Frame00004Target00001>
<Frame00005TargetNumber>2</Frame00005TargetNumber>
<Frame00005Target00000>
  <Type>"示29-机动车行驶"</Type>
  <Position>
    597 148 61 72</Position></Frame00005Target00000>
<Frame00005Target00001>
  <Type>"禁38-限制速度"</Type>
  <Position>
    600 220 60 76</Position></Frame00005Target00001>
<Frame00006TargetNumber>2</Frame00006TargetNumber>
<Frame00006Target00000>
  <Type>"禁38-限制速度"</Type>
  <Position>
    662 218 61 73</Position></Frame00006Target00000>
<Frame00006Target00001>
  <Type>"示29-机动车行驶"</Type>
  <Position>
    657 138 65 80</Position></Frame00006Target00001>
<Frame00007TargetNumber>2</Frame00007TargetNumber>
<Frame00007Target00000>
  <Type>"示29-机动车行驶"</Type>
  <Position>
    720 137 63 78</Position></Frame00007Target00000>
<Frame00007Target00001>
  <Type>"禁38-限制速度"</Type>
  <Position>
    722 213 62 76</Position></Frame00007Target00001>
<Frame00008TargetNumber>2</Frame00008TargetNumber>
<Frame00008Target00000>
  <Type>"禁38-限制速度"</Type>
  <Position>
    788 210 61 76</Position></Frame00008Target00000>
<Frame00008Target00001>
  <Type>"示29-机动车行驶"</Type>
  <Position>
    785 132 59 76</Position></Frame00008Target00001>
<Frame00009TargetNumber>2</Frame00009TargetNumber>
<Frame00009Target00000>
  <Type>"示29-机动车行驶"</Type>
  <Position>
    845 122 67 82</Position></Frame00009Target00000>
<Frame00009Target00001>
  <Type>"禁38-限制速度"</Type>
  <Position>
    847 206 67 76</Position></Frame00009Target00001>
<Frame00010TargetNumber>2</Frame00010TargetNumber>
<Frame00010Target00000>
  <Type>"禁38-限制速度"</Type>
  <Position>
    915 197 63 81</Position></Frame00010Target00000>
<Frame00010Target00001>
  <Type>"示29-机动车行驶"</Type>
  <Position>
    911 110 66 84</Position></Frame00010Target00001>
<Frame00011TargetNumber>2</Frame00011TargetNumber>
<Frame00011Target00000>
  <Type>"示29-机动车行驶"</Type>
  <Position>
    975 99 70 88</Position></Frame00011Target00000>
<Frame00011Target00001>
  <Type>"禁38-限制速度"</Type>
  <Position>
    976 187 69 85</Position></Frame00011Target00001>
<Frame00012TargetNumber>2</Frame00012TargetNumber>
<Frame00012Target00000>
  <Type>"禁38-限制速度"</Type>
  <Position>
    1046 180 68 84</Position></Frame00012Target00000>
<Frame00012Target00001>
  <Type>"示29-机动车行驶"</Type>
  <Position>
    1045 93 66 89</Position></Frame00012Target00001>
<Frame00013TargetNumber>2</Frame00013TargetNumber>
<Frame00013Target00000>
  <Type>"示29-机动车行驶"</Type>
  <Position>
    1107 83 75 93</Position></Frame00013Target00000>
<Frame00013Target00001>
  <Type>"禁38-限制速度"</Type>
  <Position>
    1109 177 72 88</Position></Frame00013Target00001>
<Frame00014TargetNumber>2</Frame00014TargetNumber>
<Frame00014Target00000>
  <Type>"禁38-限制速度"</Type>
  <Position>
    1181 172 73 86</Position></Frame00014Target00000>
<Frame00014Target00001>
  <Type>"示29-机动车行驶"</Type>
  <Position>
    1178 72 72 98</Position></Frame00014Target00001>
</opencv_storage>
