<?xml version="1.0"?>
<opencv_storage>
<FrameNumber>42</FrameNumber>
<Frame00000TargetNumber>2</Frame00000TargetNumber>
<Frame00000Target00000>
  <Type>"直行箭头红灯"</Type>
  <Position>
    14 201 16 16</Position></Frame00000Target00000>
<Frame00000Target00001>
  <Type>"右转箭头红灯"</Type>
  <Position>
    15 218 15 16</Position></Frame00000Target00001>
<Frame00001TargetNumber>2</Frame00001TargetNumber>
<Frame00001Target00000>
  <Type>"右转箭头红灯"</Type>
  <Position>
    22 218 19 12</Position></Frame00001Target00000>
<Frame00001Target00001>
  <Type>"直行箭头红灯"</Type>
  <Position>
    25 202 14 17</Position></Frame00001Target00001>
<Frame00002TargetNumber>2</Frame00002TargetNumber>
<Frame00002Target00000>
  <Type>"直行箭头红灯"</Type>
  <Position>
    34 202 19 16</Position></Frame00002Target00000>
<Frame00002Target00001>
  <Type>"右转箭头红灯"</Type>
  <Position>
    38 218 12 14</Position></Frame00002Target00001>
<Frame00003TargetNumber>2</Frame00003TargetNumber>
<Frame00003Target00000>
  <Type>"右转箭头红灯"</Type>
  <Position>
    47 219 13 15</Position></Frame00003Target00000>
<Frame00003Target00001>
  <Type>"直行箭头红灯"</Type>
  <Position>
    43 204 18 17</Position></Frame00003Target00001>
<Frame00004TargetNumber>2</Frame00004TargetNumber>
<Frame00004Target00000>
  <Type>"直行箭头红灯"</Type>
  <Position>
    53 205 13 17</Position></Frame00004Target00000>
<Frame00004Target00001>
  <Type>"右转箭头红灯"</Type>
  <Position>
    53 224 15 14</Position></Frame00004Target00001>
<Frame00005TargetNumber>2</Frame00005TargetNumber>
<Frame00005Target00000>
  <Type>"右转箭头红灯"</Type>
  <Position>
    60 222 17 18</Position></Frame00005Target00000>
<Frame00005Target00001>
  <Type>"直行箭头红灯"</Type>
  <Position>
    63 205 12 19</Position></Frame00005Target00001>
<Frame00006TargetNumber>2</Frame00006TargetNumber>
<Frame00006Target00000>
  <Type>"直行箭头红灯"</Type>
  <Position>
    72 210 12 16</Position></Frame00006Target00000>
<Frame00006Target00001>
  <Type>"右转箭头红灯"</Type>
  <Position>
    72 228 14 14</Position></Frame00006Target00001>
<Frame00007TargetNumber>2</Frame00007TargetNumber>
<Frame00007Target00000>
  <Type>"右转箭头红灯"</Type>
  <Position>
    78 231 21 16</Position></Frame00007Target00000>
<Frame00007Target00001>
  <Type>"直行箭头红灯"</Type>
  <Position>
    76 214 18 17</Position></Frame00007Target00001>
<Frame00008TargetNumber>2</Frame00008TargetNumber>
<Frame00008Target00000>
  <Type>"直行箭头红灯"</Type>
  <Position>
    85 214 17 19</Position></Frame00008Target00000>
<Frame00008Target00001>
  <Type>"右转箭头红灯"</Type>
  <Position>
    86 233 19 14</Position></Frame00008Target00001>
<Frame00009TargetNumber>2</Frame00009TargetNumber>
<Frame00009Target00000>
  <Type>"右转箭头红灯"</Type>
  <Position>
    97 234 17 16</Position></Frame00009Target00000>
<Frame00009Target00001>
  <Type>"直行箭头红灯"</Type>
  <Position>
    97 218 14 15</Position></Frame00009Target00001>
<Frame00010TargetNumber>2</Frame00010TargetNumber>
<Frame00010Target00000>
  <Type>"直行箭头红灯"</Type>
  <Position>
    107 215 14 16</Position></Frame00010Target00000>
<Frame00010Target00001>
  <Type>"右转箭头红灯"</Type>
  <Position>
    109 231 13 14</Position></Frame00010Target00001>
<Frame00011TargetNumber>2</Frame00011TargetNumber>
<Frame00011Target00000>
  <Type>"右转箭头红灯"</Type>
  <Position>
    115 224 17 17</Position></Frame00011Target00000>
<Frame00011Target00001>
  <Type>"直行箭头红灯"</Type>
  <Position>
    117 208 15 15</Position></Frame00011Target00001>
<Frame00012TargetNumber>0</Frame00012TargetNumber>
<Frame00013TargetNumber>2</Frame00013TargetNumber>
<Frame00013Target00000>
  <Type>"直行箭头红灯"</Type>
  <Position>
    128 219 20 18</Position></Frame00013Target00000>
<Frame00013Target00001>
  <Type>"右转箭头红灯"</Type>
  <Position>
    128 236 18 15</Position></Frame00013Target00001>
<Frame00014TargetNumber>2</Frame00014TargetNumber>
<Frame00014Target00000>
  <Type>"右转箭头红灯"</Type>
  <Position>
    140 249 17 17</Position></Frame00014Target00000>
<Frame00014Target00001>
  <Type>"直行箭头红灯"</Type>
  <Position>
    139 232 17 17</Position></Frame00014Target00001>
<Frame00015TargetNumber>2</Frame00015TargetNumber>
<Frame00015Target00000>
  <Type>"直行箭头红灯"</Type>
  <Position>
    149 242 17 17</Position></Frame00015Target00000>
<Frame00015Target00001>
  <Type>"右转箭头红灯"</Type>
  <Position>
    150 262 18 11</Position></Frame00015Target00001>
<Frame00016TargetNumber>2</Frame00016TargetNumber>
<Frame00016Target00000>
  <Type>"右转箭头红灯"</Type>
  <Position>
    156 266 15 14</Position></Frame00016Target00000>
<Frame00016Target00001>
  <Type>"直行箭头红灯"</Type>
  <Position>
    155 249 17 16</Position></Frame00016Target00001>
<Frame00017TargetNumber>2</Frame00017TargetNumber>
<Frame00017Target00000>
  <Type>"直行箭头红灯"</Type>
  <Position>
    161 251 15 15</Position></Frame00017Target00000>
<Frame00017Target00001>
  <Type>"右转箭头红灯"</Type>
  <Position>
    161 268 15 14</Position></Frame00017Target00001>
<Frame00018TargetNumber>2</Frame00018TargetNumber>
<Frame00018Target00000>
  <Type>"右转箭头红灯"</Type>
  <Position>
    167 270 16 14</Position></Frame00018Target00000>
<Frame00018Target00001>
  <Type>"直行箭头红灯"</Type>
  <Position>
    167 252 20 19</Position></Frame00018Target00001>
<Frame00019TargetNumber>2</Frame00019TargetNumber>
<Frame00019Target00000>
  <Type>"直行箭头红灯"</Type>
  <Position>
    175 252 14 18</Position></Frame00019Target00000>
<Frame00019Target00001>
  <Type>"右转箭头红灯"</Type>
  <Position>
    175 269 16 17</Position></Frame00019Target00001>
<Frame00020TargetNumber>2</Frame00020TargetNumber>
<Frame00020Target00000>
  <Type>"右转箭头红灯"</Type>
  <Position>
    177 269 18 15</Position></Frame00020Target00000>
<Frame00020Target00001>
  <Type>"直行箭头红灯"</Type>
  <Position>
    179 251 16 17</Position></Frame00020Target00001>
<Frame00021TargetNumber>2</Frame00021TargetNumber>
<Frame00021Target00000>
  <Type>"直行箭头红灯"</Type>
  <Position>
    181 253 15 18</Position></Frame00021Target00000>
<Frame00021Target00001>
  <Type>"右转箭头红灯"</Type>
  <Position>
    182 272 17 18</Position></Frame00021Target00001>
<Frame00022TargetNumber>2</Frame00022TargetNumber>
<Frame00022Target00000>
  <Type>"右转箭头红灯"</Type>
  <Position>
    188 275 18 19</Position></Frame00022Target00000>
<Frame00022Target00001>
  <Type>"直行箭头红灯"</Type>
  <Position>
    187 260 16 15</Position></Frame00022Target00001>
<Frame00023TargetNumber>2</Frame00023TargetNumber>
<Frame00023Target00000>
  <Type>"直行箭头红灯"</Type>
  <Position>
    193 260 16 20</Position></Frame00023Target00000>
<Frame00023Target00001>
  <Type>"右转箭头红灯"</Type>
  <Position>
    191 278 20 19</Position></Frame00023Target00001>
<Frame00024TargetNumber>2</Frame00024TargetNumber>
<Frame00024Target00000>
  <Type>"右转箭头红灯"</Type>
  <Position>
    195 275 22 20</Position></Frame00024Target00000>
<Frame00024Target00001>
  <Type>"直行箭头红灯"</Type>
  <Position>
    198 259 17 17</Position></Frame00024Target00001>
<Frame00025TargetNumber>2</Frame00025TargetNumber>
<Frame00025Target00000>
  <Type>"直行箭头红灯"</Type>
  <Position>
    198 247 17 18</Position></Frame00025Target00000>
<Frame00025Target00001>
  <Type>"右转箭头红灯"</Type>
  <Position>
    200 264 18 16</Position></Frame00025Target00001>
<Frame00026TargetNumber>2</Frame00026TargetNumber>
<Frame00026Target00000>
  <Type>"右转箭头红灯"</Type>
  <Position>
    200 257 23 18</Position></Frame00026Target00000>
<Frame00026Target00001>
  <Type>"直行箭头红灯"</Type>
  <Position>
    201 238 18 19</Position></Frame00026Target00001>
<Frame00027TargetNumber>2</Frame00027TargetNumber>
<Frame00027Target00000>
  <Type>"直行箭头红灯"</Type>
  <Position>
    205 236 14 21</Position></Frame00027Target00000>
<Frame00027Target00001>
  <Type>"右转箭头红灯"</Type>
  <Position>
    204 256 19 14</Position></Frame00027Target00001>
<Frame00028TargetNumber>2</Frame00028TargetNumber>
